+0.00000E+0	+0.00000E+0	-4.73661E-3	-2.36831E-7
+1.47000E-2	+1.40930E-2	+2.94336E-1	+2.94932E-3
+2.95000E-2	+2.82790E-2	+4.59970E-1	+8.03155E-3
+4.42000E-2	+4.23635E-2	+4.49823E-1	+1.47325E-2
+5.90000E-2	+5.65354E-2	+3.05093E-1	+2.03272E-2
+7.37000E-2	+7.06002E-2	+2.81213E-1	+2.49692E-2
+8.85000E-2	+8.47465E-2	+2.51306E-1	+2.84542E-2
+1.03200E-1	+9.87804E-2	+1.86303E-1	+3.17934E-2
+1.18000E-1	+1.12890E-1	+1.71731E-1	+3.45457E-2
+1.32700E-1	+1.26882E-1	+1.59982E-1	+3.69620E-2
+1.47500E-1	+1.40943E-1	+1.50293E-1	+3.91778E-2
+1.62200E-1	+1.54881E-1	+1.26260E-1	+4.11877E-2
+1.76900E-1	+1.68789E-1	+1.08789E-1	+4.29573E-2
+1.91700E-1	+1.82757E-1	+9.31485E-2	+4.45232E-2
+2.06400E-1	+1.96595E-1	+9.64292E-2	+4.59823E-2
+2.21200E-1	+2.10487E-1	+9.87180E-2	+4.73144E-2
+2.35900E-1	+2.24243E-1	+8.08652E-2	+4.85897E-2
+2.50700E-1	+2.38048E-1	+6.17154E-2	+4.97324E-2
+2.65400E-1	+2.51712E-1	+5.34757E-2	+5.07644E-2
+2.80200E-1	+2.65419E-1	+7.22440E-2	+5.17321E-2
+2.94900E-1	+2.78980E-1	+6.37754E-2	+5.26476E-2
+3.09700E-1	+2.92577E-1	+5.20261E-2	+5.34852E-2
+3.24400E-1	+3.06025E-1	+5.44675E-2	+5.42339E-2
+3.39100E-1	+3.19411E-1	+4.93558E-2	+5.49453E-2
+3.53900E-1	+3.32825E-1	+4.40915E-2	+5.56118E-2
+3.68600E-1	+3.46081E-1	+3.63095E-2	+5.62497E-2
+3.83400E-1	+3.59358E-1	+3.22660E-2	+5.68309E-2
+3.98100E-1	+3.72474E-1	+3.37155E-2	+5.73980E-2
+4.12900E-1	+3.85605E-1	+3.70725E-2	+5.79330E-2
+4.27600E-1	+3.98569E-1	+3.45548E-2	+5.84297E-2
+4.42400E-1	+4.11542E-1	+3.69962E-2	+5.89018E-2
+4.57100E-1	+4.24346E-1	+3.32578E-2	+5.93387E-2
+4.71900E-1	+4.37151E-1	+2.97483E-2	+5.97524E-2
+4.86600E-1	+4.49783E-1	+2.21189E-2	+6.01417E-2
+5.01400E-1	+4.62410E-1	+1.85330E-2	+6.05006E-2
+5.16100E-1	+4.74860E-1	+1.16666E-2	+6.08442E-2
+5.30800E-1	+4.87215E-1	+9.14889E-3	+6.11703E-2
+5.45600E-1	+4.99557E-1	+8.84371E-3	+6.14722E-2
+5.60300E-1	+5.11716E-1	+1.24295E-2	+6.17664E-2
+5.75100E-1	+5.23855E-1	+1.36502E-2	+6.20446E-2
+5.89800E-1	+5.35807E-1	+1.37265E-2	+6.23160E-2
+6.04600E-1	+5.47734E-1	+1.50998E-2	+6.25775E-2
+6.19300E-1	+5.59470E-1	+1.50235E-2	+6.28302E-2
+6.34100E-1	+5.71174E-1	+1.09036E-2	+6.30731E-2
+6.48800E-1	+5.82685E-1	+1.28110E-2	+6.33085E-2
+6.63600E-1	+5.94158E-1	+1.03696E-2	+6.35285E-2
+6.78300E-1	+6.05435E-1	+1.09799E-2	+6.37372E-2
+6.93000E-1	+6.16591E-1	+1.46421E-2	+6.39321E-2
+7.07800E-1	+6.27700E-1	+1.47946E-2	+6.41160E-2
+7.22500E-1	+6.38608E-1	+9.30148E-3	+6.42995E-2
+7.37300E-1	+6.49463E-1	+1.03696E-2	+6.44772E-2
+7.52000E-1	+6.60114E-1	+1.52524E-2	+6.46486E-2
+7.66800E-1	+6.70706E-1	+1.31162E-2	+6.48040E-2
+7.81500E-1	+6.81093E-1	+9.60665E-3	+6.49612E-2
+7.96300E-1	+6.91413E-1	+8.08077E-3	+6.51070E-2
+8.11000E-1	+7.01526E-1	+9.45406E-3	+6.52455E-2
+8.25800E-1	+7.11567E-1	+7.16524E-3	+6.53780E-2
+8.40500E-1	+7.21398E-1	+7.47042E-3	+6.55167E-2
+8.55200E-1	+7.31086E-1	+9.91183E-3	+6.56317E-2
+8.70000E-1	+7.40694E-1	+1.09799E-2	+6.57565E-2
+8.84700E-1	+7.50088E-1	+9.98812E-3	+6.58696E-2
+8.99500E-1	+7.59396E-1	+7.47042E-3	+6.59825E-2
+9.14200E-1	+7.68490E-1	+9.68294E-3	+6.60907E-2
+9.29000E-1	+7.77492E-1	+9.83553E-3	+6.61942E-2
+9.43700E-1	+7.86278E-1	+6.40231E-3	+6.62900E-2
+9.58500E-1	+7.94965E-1	+4.87643E-3	+6.63854E-2
+9.73200E-1	+8.03436E-1	+2.96908E-3	+6.64724E-2
+9.88000E-1	+8.11803E-1	+6.24972E-3	+6.65641E-2
+1.00270E+0	+8.19952E-1	+6.47860E-3	+6.66459E-2
+1.01740E+0	+8.27938E-1	+4.87643E-3	+6.67202E-2
+1.03220E+0	+8.35812E-1	+3.35055E-3	+6.68044E-2
+1.04690E+0	+8.43466E-1	+4.34237E-3	+6.68780E-2
+1.06170E+0	+8.51003E-1	+4.57125E-3	+6.69493E-2
+1.07640E+0	+8.58320E-1	+4.87643E-3	+6.70159E-2
+1.09120E+0	+8.65514E-1	+4.72384E-3	+6.70842E-2
+1.10590E+0	+8.72487E-1	+4.95272E-3	+6.71469E-2
+1.12070E+0	+8.79332E-1	+4.11349E-3	+6.72082E-2
+1.13540E+0	+8.85956E-1	+5.33419E-3	+6.72648E-2
+1.15020E+0	+8.92447E-1	+2.58761E-3	+6.73208E-2
+1.16490E+0	+8.98717E-1	+3.12167E-3	+6.73720E-2
+1.17960E+0	+9.04807E-1	+1.36690E-3	+6.74237E-2
+1.19440E+0	+9.10758E-1	+1.82467E-3	+6.74713E-2
+1.20910E+0	+9.16487E-1	+1.51949E-3	+6.75204E-2
+1.22390E+0	+9.22072E-1	+4.51378E-4	+6.75635E-2
+1.23860E+0	+9.27434E-1	+4.41866E-3	+6.76071E-2
+1.25340E+0	+9.32647E-1	+4.51378E-4	+6.76451E-2
+1.26810E+0	+9.37639E-1	+8.15707E-3	+6.76822E-2
+1.28290E+0	+9.42477E-1	+4.87643E-3	+6.77227E-2
+1.29760E+0	+9.47094E-1	+1.13802E-3	+6.77574E-2
+1.31240E+0	+9.51553E-1	+4.41866E-3	+6.77905E-2
+1.32710E+0	+9.55792E-1	+4.18978E-3	+6.78164E-2
+1.34180E+0	+9.59841E-1	+3.96090E-3	+6.78451E-2
+1.35660E+0	+9.63725E-1	+1.67208E-3	+6.78751E-2
+1.37130E+0	+9.67391E-1	+2.74020E-3	+6.78967E-2
+1.38610E+0	+9.70887E-1	-1.22709E-3	+6.79212E-2
+1.40080E+0	+9.74166E-1	+5.02901E-3	+6.79407E-2
+1.41560E+0	+9.77273E-1	+7.08895E-3	+6.79645E-2
+1.43030E+0	+9.80163E-1	+6.70748E-3	+6.79777E-2
+1.44510E+0	+9.82877E-1	-7.48319E-3	+6.79960E-2
+1.45980E+0	+9.85376E-1	+6.63119E-3	+6.80127E-2
+1.47460E+0	+9.87694E-1	+4.87643E-3	+6.80163E-2
+1.48930E+0	+9.89800E-1	+1.21432E-3	+6.80277E-2
+1.50410E+0	+9.91722E-1	-2.35268E-4	+6.80374E-2
+1.51880E+0	+9.93433E-1	-1.99003E-3	+6.80431E-2
+1.53350E+0	+9.94947E-1	+6.03965E-4	+6.80479E-2
+1.54830E+0	+9.96271E-1	-4.73661E-3	+6.80573E-2
+1.56300E+0	+9.97388E-1	+9.85435E-4	+6.80558E-2
+1.57780E+0	+9.98313E-1	+1.06173E-3	+6.80526E-2
+1.59250E+0	+9.99032E-1	-2.44779E-3	+6.80533E-2
+1.60730E+0	+9.99556E-1	-6.93032E-4	+6.80540E-2
+1.62200E+0	+9.99876E-1	-1.83744E-3	+6.80515E-2
+1.63680E+0	+9.99999E-1	+4.51378E-4	+6.80444E-2
+1.65150E+0	+9.99921E-1	+1.46202E-4	+6.80362E-2
+1.66630E+0	+9.99642E-1	-3.59220E-3	+6.80257E-2
+1.68100E+0	+9.99166E-1	+8.32847E-4	+6.80192E-2
+1.69570E+0	+9.98491E-1	-8.45620E-4	+6.80093E-2
+1.71050E+0	+9.97612E-1	+2.74020E-3	+6.80002E-2
+1.72520E+0	+9.96539E-1	+3.96090E-3	+6.79840E-2
+1.74000E+0	+9.95260E-1	-2.44779E-3	+6.79743E-2
+1.75470E+0	+9.93790E-1	+3.96090E-3	+6.79624E-2
+1.76950E+0	+9.92111E-1	+6.03965E-4	+6.79457E-2
+1.78420E+0	+9.90246E-1	+1.36690E-3	+6.79345E-2
+1.79900E+0	+9.88170E-1	-1.30338E-3	+6.79189E-2
+1.81370E+0	+9.85910E-1	-1.68485E-3	+6.79016E-2
+1.82850E+0	+9.83437E-1	+3.50314E-3	+6.78856E-2
+1.84320E+0	+9.80785E-1	-5.65214E-3	+6.78745E-2
+1.85790E+0	+9.77938E-1	+1.09036E-2	+6.78492E-2
+1.87270E+0	+9.74876E-1	+1.44320E-3	+6.78213E-2
+1.88740E+0	+9.71640E-1	-1.83744E-3	+6.78091E-2
+1.90220E+0	+9.68187E-1	-5.57584E-3	+6.77911E-2
+1.91690E+0	+9.64565E-1	-4.64150E-4	+6.77702E-2
+1.93170E+0	+9.60724E-1	-8.45620E-4	+6.77459E-2
+1.94640E+0	+9.56717E-1	-2.98185E-3	+6.77195E-2
+1.96120E+0	+9.52492E-1	-4.64150E-4	+6.76948E-2
+1.97590E+0	+9.48105E-1	-1.53227E-3	+6.76693E-2
+1.99070E+0	+9.43498E-1	-3.13444E-3	+6.76388E-2
+2.00540E+0	+9.38734E-1	-7.69326E-4	+6.76102E-2
+2.02010E+0	+9.33784E-1	-4.04997E-3	+6.75794E-2
+2.03490E+0	+9.28613E-1	+1.21432E-3	+6.75508E-2
+2.04960E+0	+9.23291E-1	-5.49955E-3	+6.75152E-2
+2.06440E+0	+9.17749E-1	+9.09141E-4	+6.74810E-2
+2.07910E+0	+9.12060E-1	-4.12626E-3	+6.74433E-2
+2.09390E+0	+9.06150E-1	-5.42326E-3	+6.74092E-2
+2.10860E+0	+9.00099E-1	-3.21073E-3	+6.73680E-2
+2.12340E+0	+8.93827E-1	-1.83744E-3	+6.73297E-2
+2.13810E+0	+8.87419E-1	-1.68485E-3	+6.72888E-2
+2.15290E+0	+8.80789E-1	+6.03965E-4	+6.72498E-2
+2.16760E+0	+8.74028E-1	-6.41508E-3	+6.72024E-2
+2.18230E+0	+8.67094E-1	-1.37968E-3	+6.71549E-2
+2.19710E+0	+8.59939E-1	-1.99003E-3	+6.71091E-2
+2.21180E+0	+8.52660E-1	-4.27885E-3	+6.70570E-2
+2.22660E+0	+8.45161E-1	-4.12626E-3	+6.70061E-2
+2.24130E+0	+8.37544E-1	-3.05814E-3	+6.69529E-2
+2.25610E+0	+8.29708E-1	-2.14262E-3	+6.68993E-2
+2.27080E+0	+8.21759E-1	-4.96549E-3	+6.68389E-2
+2.28560E+0	+8.13591E-1	-2.90556E-3	+6.67793E-2
+2.30030E+0	+8.05316E-1	-1.37968E-3	+6.67182E-2
+2.31510E+0	+7.96823E-1	-4.66032E-3	+6.66517E-2
+2.32980E+0	+7.88228E-1	-6.10990E-3	+6.65869E-2
+2.34460E+0	+7.79418E-1	-4.88920E-3	+6.65176E-2
+2.35930E+0	+7.70511E-1	-5.88102E-3	+6.64499E-2
+2.37400E+0	+7.61451E-1	-7.17802E-3	+6.63752E-2
+2.38880E+0	+7.52177E-1	-8.85648E-3	+6.62979E-2
+2.40350E+0	+7.42815E-1	-7.48319E-3	+6.62149E-2
+2.41830E+0	+7.33241E-1	-8.09354E-3	+6.61358E-2
+2.43300E+0	+7.23586E-1	-7.71207E-3	+6.60439E-2
+2.44780E+0	+7.13719E-1	-6.72025E-3	+6.59546E-2
+2.46250E+0	+7.03777E-1	-4.58402E-3	+6.58622E-2
+2.47730E+0	+6.93626E-1	-7.63578E-3	+6.57665E-2
+2.49200E+0	+6.83406E-1	-7.48319E-3	+6.56688E-2
+2.50680E+0	+6.72978E-1	-5.34696E-3	+6.55608E-2
+2.52150E+0	+6.62488E-1	-7.33060E-3	+6.54526E-2
+2.53620E+0	+6.51865E-1	-5.04179E-3	+6.53381E-2
+2.55100E+0	+6.41040E-1	-8.55131E-3	+6.52238E-2
+2.56570E+0	+6.30159E-1	-6.18620E-3	+6.51052E-2
+2.58050E+0	+6.19079E-1	-6.87284E-3	+6.49763E-2
+2.59520E+0	+6.07950E-1	-1.13742E-2	+6.48412E-2
+2.61000E+0	+5.96623E-1	-1.19082E-2	+6.47102E-2
+2.62470E+0	+5.85254E-1	-1.00772E-2	+6.45710E-2
+2.63950E+0	+5.73690E-1	-1.11453E-2	+6.44202E-2
+2.65420E+0	+5.62090E-1	-1.16031E-2	+6.42669E-2
+2.66900E+0	+5.50298E-1	-1.08401E-2	+6.41055E-2
+2.68370E+0	+5.38476E-1	-8.93278E-3	+6.39383E-2
+2.69840E+0	+5.26547E-1	-9.31425E-3	+6.37621E-2
+2.71320E+0	+5.14432E-1	-1.03061E-2	+6.35728E-2
+2.72790E+0	+5.02295E-1	-6.26249E-3	+6.33830E-2
+2.74270E+0	+4.89976E-1	-9.16166E-3	+6.31860E-2
+2.75740E+0	+4.77642E-1	-1.08401E-2	+6.29728E-2
+2.77220E+0	+4.65128E-1	-9.31425E-3	+6.27535E-2
+2.78690E+0	+4.52606E-1	-1.00772E-2	+6.25237E-2
+2.80170E+0	+4.39908E-1	-1.54941E-2	+6.22876E-2
+2.81640E+0	+4.27208E-1	-1.90036E-2	+6.20285E-2
+2.83120E+0	+4.14336E-1	-2.48782E-2	+6.17597E-2
+2.84590E+0	+4.01469E-1	-2.99899E-2	+6.14748E-2
+2.86060E+0	+3.88522E-1	-3.72378E-2	+6.11769E-2
+2.87540E+0	+3.75408E-1	-3.75430E-2	+6.08441E-2
+2.89010E+0	+3.62309E-1	-3.54831E-2	+6.04981E-2
+2.90490E+0	+3.49048E-1	-2.53360E-2	+6.01368E-2
+2.91960E+0	+3.35806E-1	-2.02243E-2	+5.97631E-2
+2.93440E+0	+3.22408E-1	-2.23605E-2	+5.93678E-2
+2.94910E+0	+3.09035E-1	-3.06766E-2	+5.89408E-2
+2.96390E+0	+2.95510E-1	-3.41098E-2	+5.84798E-2
+2.97860E+0	+2.82017E-1	-3.86111E-2	+5.79808E-2
+2.99340E+0	+2.68376E-1	-3.41861E-2	+5.74512E-2
+3.00810E+0	+2.54773E-1	-4.21969E-2	+5.68759E-2
+3.02280E+0	+2.41120E-1	-5.32596E-2	+5.62625E-2
+3.03760E+0	+2.27325E-1	-4.87582E-2	+5.55825E-2
+3.05230E+0	+2.13579E-1	-4.71560E-2	+5.48579E-2
+3.06710E+0	+1.99696E-1	-4.98263E-2	+5.40906E-2
+3.08180E+0	+1.85867E-1	-6.03549E-2	+5.32357E-2
+3.09660E+0	+1.71906E-1	-5.92105E-2	+5.23092E-2
+3.11130E+0	+1.58006E-1	-7.96573E-2	+5.12786E-2
+3.12610E+0	+1.43980E-1	-9.31613E-2	+5.01448E-2
+3.14080E+0	+1.30019E-1	-1.05063E-1	+4.88923E-2
+3.15560E+0	+1.15938E-1	-1.17957E-1	+4.74896E-2
+3.17030E+0	+1.01928E-1	-1.18491E-1	+4.59794E-2
+3.18500E+0	+8.78986E-2	-1.34665E-1	+4.42797E-2
+3.19980E+0	+7.37558E-2	-1.36725E-1	+4.23942E-2
+3.21450E+0	+5.96939E-2	-1.53205E-1	+4.02452E-2
+3.22930E+0	+4.55243E-2	-1.84790E-1	+3.78019E-2
+3.24400E+0	+3.14414E-2	-2.09357E-1	+3.48296E-2
+3.25880E+0	+1.72564E-2	-2.75733E-1	+3.13218E-2
+3.27350E+0	+3.16383E-3	-3.35318E-1	+2.68935E-2
+3.28830E+0	-1.10253E-2	-4.97748E-1	+2.07153E-2
+3.30300E+0	-2.51163E-2	-4.94010E-1	+1.34266E-2
+3.31780E+0	-3.92981E-2	-4.89508E-1	+6.14603E-3
+3.33250E+0	-5.33763E-2	-4.83252E-1	-1.00919E-3
+3.34730E+0	-6.75396E-2	-4.74097E-1	-8.09840E-3
+3.36200E+0	-8.15937E-2	-4.62195E-1	-1.49863E-2
+3.37670E+0	-9.56316E-2	-4.93686E-2	-1.95128E-2
+3.39150E+0	-1.09746E-1	-1.87537E-1	-2.28488E-2
+3.40620E+0	-1.23743E-1	-2.24463E-1	-2.52514E-2
+3.42100E+0	-1.37810E-1	-1.85324E-1	-2.75529E-2
+3.43570E+0	-1.51755E-1	-1.60987E-1	-2.97064E-2
+3.45050E+0	-1.65764E-1	-1.37641E-1	-3.17010E-2
+3.46520E+0	-1.79646E-1	-1.24137E-1	-3.35109E-2
+3.48000E+0	-1.93586E-1	-1.03003E-1	-3.51165E-2
+3.49470E+0	-2.07393E-1	-8.53030E-2	-3.66004E-2
+3.50950E+0	-2.21252E-1	-8.35483E-2	-3.79257E-2
+3.52420E+0	-2.34974E-1	-9.17117E-2	-3.91658E-2
+3.53890E+0	-2.48649E-1	-9.56027E-2	-4.03361E-2
+3.55370E+0	-2.62367E-1	-6.79080E-2	-4.14179E-2
+3.56840E+0	-2.75940E-1	-4.74612E-2	-4.23707E-2
+3.58320E+0	-2.89551E-1	-5.02078E-2	-4.32307E-2
+3.59790E+0	-3.03011E-1	-5.82950E-2	-4.40822E-2
+3.61270E+0	-3.16502E-1	-4.96737E-2	-4.48670E-2
+3.62740E+0	-3.29839E-1	-4.63931E-2	-4.55969E-2
+3.64220E+0	-3.43201E-1	-4.51724E-2	-4.62754E-2
+3.65690E+0	-3.56404E-1	-4.73086E-2	-4.69195E-2
+3.67170E+0	-3.69625E-1	-4.57828E-2	-4.75260E-2
+3.68640E+0	-3.82683E-1	-3.76193E-2	-4.80893E-2
+3.70110E+0	-3.95666E-1	-3.69327E-2	-4.86163E-2
+3.71590E+0	-4.08657E-1	-2.99136E-2	-4.91203E-2
+3.73060E+0	-4.21479E-1	-2.30472E-2	-4.95954E-2
+3.74540E+0	-4.34303E-1	-2.41153E-2	-5.00341E-2
+3.76010E+0	-4.46955E-1	-2.19027E-2	-5.04463E-2
+3.77490E+0	-4.59602E-1	-2.13687E-2	-5.08538E-2
+3.78960E+0	-4.72073E-1	-2.79300E-2	-5.12282E-2
+3.80440E+0	-4.84534E-1	-2.75485E-2	-5.15863E-2
+3.81910E+0	-4.96814E-1	-3.23550E-2	-5.19248E-2
+3.83390E+0	-5.09078E-1	-3.48727E-2	-5.22569E-2
+3.84860E+0	-5.21157E-1	-3.47964E-2	-5.25697E-2
+3.86330E+0	-5.33133E-1	-3.25076E-2	-5.28609E-2
+3.87810E+0	-5.45084E-1	-3.17447E-2	-5.31485E-2
+3.89280E+0	-5.56845E-1	-2.79300E-2	-5.34120E-2
+3.90760E+0	-5.68574E-1	-2.52597E-2	-5.36691E-2
+3.92230E+0	-5.80111E-1	-2.00717E-2	-5.39090E-2
+3.93710E+0	-5.91610E-1	-1.58755E-2	-5.41421E-2
+3.95180E+0	-6.02914E-1	-1.25186E-2	-5.43717E-2
+3.96660E+0	-6.14173E-1	-1.16031E-2	-5.45966E-2
+3.98130E+0	-6.25234E-1	-1.19082E-2	-5.48058E-2
+3.99610E+0	-6.36244E-1	-1.67911E-2	-5.49973E-2
+4.01080E+0	-6.47054E-1	-1.51889E-2	-5.51892E-2
+4.02550E+0	-6.57734E-1	-9.92460E-3	-5.53708E-2
+4.04030E+0	-6.68356E-1	-9.92460E-3	-5.55526E-2
+4.05500E+0	-6.78773E-1	-9.61942E-3	-5.57227E-2
+4.06980E+0	-6.89124E-1	-1.20608E-2	-5.58802E-2
+4.08450E+0	-6.99268E-1	-9.84831E-3	-5.60475E-2
+4.09930E+0	-7.09340E-1	-1.41208E-2	-5.61972E-2
+4.11400E+0	-7.19204E-1	-6.10990E-3	-5.63411E-2
+4.12880E+0	-7.28990E-1	-9.77201E-3	-5.64863E-2
+4.14350E+0	-7.38564E-1	-1.11453E-2	-5.66240E-2
+4.15830E+0	-7.48056E-1	-9.54313E-3	-5.67569E-2
+4.17300E+0	-7.57334E-1	-8.55131E-3	-5.68819E-2
+4.18780E+0	-7.66524E-1	-7.86466E-3	-5.70107E-2
+4.20250E+0	-7.75498E-1	-8.09354E-3	-5.71261E-2
+4.21720E+0	-7.84319E-1	-7.78837E-3	-5.72408E-2
+4.23200E+0	-7.93042E-1	-9.77201E-3	-5.73497E-2
+4.24670E+0	-8.01548E-1	-8.32243E-3	-5.74592E-2
+4.26150E+0	-8.09951E-1	-4.66032E-3	-5.75651E-2
+4.27620E+0	-8.18136E-1	-5.57584E-3	-5.76661E-2
+4.29100E+0	-8.26213E-1	-8.16984E-3	-5.77646E-2
+4.30570E+0	-8.34070E-1	-5.72843E-3	-5.78531E-2
+4.32050E+0	-8.41814E-1	-5.49955E-3	-5.79476E-2
+4.33520E+0	-8.49337E-1	-5.42326E-3	-5.80354E-2
+4.35000E+0	-8.56741E-1	-4.73661E-3	-5.81241E-2
+4.36470E+0	-8.63925E-1	-4.73661E-3	-5.82029E-2
+4.37940E+0	-8.70936E-1	-1.53227E-3	-5.82795E-2
+4.39420E+0	-8.77821E-1	-7.10172E-3	-5.83534E-2
+4.40890E+0	-8.84484E-1	-6.87284E-3	-5.84292E-2
+4.42370E+0	-8.91015E-1	-4.88920E-3	-5.84996E-2
+4.43840E+0	-8.97325E-1	-4.12626E-3	-5.85708E-2
+4.45320E+0	-9.03497E-1	-4.35514E-3	-5.86350E-2
+4.46790E+0	-9.09447E-1	-3.51591E-3	-5.87002E-2
+4.48270E+0	-9.15256E-1	-9.98207E-4	-5.87609E-2
+4.49740E+0	-9.20842E-1	-3.82108E-3	-5.88237E-2
+4.51220E+0	-9.26283E-1	-6.64396E-3	-5.88762E-2
+4.52690E+0	-9.31501E-1	-6.16738E-4	-5.89350E-2
+4.54160E+0	-9.36535E-1	-4.64150E-4	-5.89884E-2
+4.55640E+0	-9.41415E-1	-7.94096E-3	-5.90410E-2
+4.57110E+0	-9.46074E-1	-8.09354E-3	-5.90900E-2
+4.58590E+0	-9.50575E-1	-7.94096E-3	-5.91358E-2
+4.60060E+0	-9.54857E-1	-9.21914E-4	-5.91823E-2
+4.61540E+0	-9.58976E-1	-3.51591E-3	-5.92236E-2
+4.63010E+0	-9.62876E-1	-4.96549E-3	-5.92670E-2
+4.64490E+0	-9.66609E-1	-4.43143E-3	-5.93070E-2
+4.65960E+0	-9.70124E-1	-4.64150E-4	-5.93427E-2
+4.67440E+0	-9.73469E-1	-5.72843E-3	-5.93805E-2
+4.68910E+0	-9.76597E-1	-5.88102E-3	-5.94151E-2
+4.70380E+0	-9.79531E-1	-1.13742E-2	-5.94502E-2
+4.71860E+0	-9.82289E-1	-1.22709E-3	-5.94756E-2
+4.73330E+0	-9.84832E-1	-8.45620E-4	-5.95205E-2
+4.74810E+0	-9.87195E-1	-3.21073E-3	-5.95373E-2
+4.76280E+0	-9.89345E-1	-3.43961E-3	-5.95612E-2
+4.77760E+0	-9.91311E-1	-9.98207E-4	-5.95834E-2
+4.79230E+0	-9.93066E-1	-5.49955E-3	-5.96035E-2
+4.80710E+0	-9.94634E-1	-6.10990E-3	-5.96271E-2
+4.82180E+0	-9.95993E-1	-5.40444E-4	-5.96421E-2
+4.83660E+0	-9.97162E-1	-1.68485E-3	-5.96648E-2
+4.85130E+0	-9.98124E-1	-3.05814E-3	-5.96789E-2
+4.86600E+0	-9.98888E-1	+4.51378E-4	-5.96895E-2
+4.88080E+0	-9.99456E-1	+1.82467E-3	-5.97065E-2
+4.89550E+0	-9.99822E-1	-1.91373E-3	-5.97141E-2
+4.91030E+0	-9.99989E-1	-3.87856E-4	-5.97249E-2
+4.92500E+0	-9.99956E-1	-9.21914E-4	-5.97317E-2
+4.93980E+0	-9.99722E-1	+1.74837E-3	-5.97349E-2
+4.95450E+0	-9.99290E-1	-6.38616E-6	-5.97447E-2
+4.96930E+0	-9.98655E-1	+1.06173E-3	-5.97472E-2
+4.98400E+0	-9.97825E-1	+1.46202E-4	-5.97552E-2
+4.99880E+0	-9.96790E-1	-4.35514E-3	-5.97569E-2
+5.01350E+0	-9.95562E-1	+1.06173E-3	-5.97567E-2
+5.02820E+0	-9.94137E-1	-3.05814E-3	-5.97644E-2
+5.04300E+0	-9.92503E-1	-6.03361E-3	-5.97650E-2
+5.05770E+0	-9.90682E-1	-1.58974E-4	-5.97635E-2
+5.07250E+0	-9.88650E-1	+2.22496E-4	-5.97660E-2
+5.08720E+0	-9.86434E-1	-4.27885E-3	-5.97635E-2
+5.10200E+0	-9.84006E-1	-2.82926E-3	-5.97655E-2
+5.11670E+0	-9.81398E-1	+8.76742E-3	-5.97566E-2
+5.13150E+0	-9.78575E-1	-7.94096E-3	-5.97614E-2
+5.14620E+0	-9.75576E-1	-1.30527E-2	-5.97426E-2
+5.16100E+0	-9.72361E-1	-2.75297E-3	-5.97422E-2
+5.17570E+0	-9.68974E-1	+4.18978E-3	-5.97414E-2
+5.19050E+0	-9.65369E-1	-1.53227E-3	-5.97343E-2
+5.20520E+0	-9.61597E-1	-1.91373E-3	-5.97257E-2
+5.21990E+0	-9.57633E-1	+2.28243E-3	-5.97162E-2
+5.23470E+0	-9.53451E-1	+2.58761E-3	-5.97053E-2
+5.24940E+0	-9.49106E-1	-3.11562E-4	-5.96947E-2
+5.26420E+0	-9.44542E-1	+2.89278E-3	-5.96811E-2
+5.27890E+0	-9.39820E-1	+3.50314E-3	-5.96684E-2
+5.29370E+0	-9.34878E-1	+2.12984E-3	-5.96537E-2
+5.30840E+0	-9.29782E-1	+4.51378E-4	-5.96351E-2
+5.32320E+0	-9.24465E-1	-9.21914E-4	-5.96212E-2
+5.33790E+0	-9.19000E-1	+1.06173E-3	-5.95988E-2
+5.35270E+0	-9.13314E-1	+2.89278E-3	-5.95830E-2
+5.36740E+0	-9.07484E-1	-2.14262E-3	-5.95602E-2
+5.38210E+0	-9.01473E-1	+1.59579E-3	-5.95375E-2
+5.39690E+0	-8.95241E-1	+6.03965E-4	-5.95131E-2
+5.41160E+0	-8.88873E-1	+3.42684E-3	-5.94880E-2
+5.42640E+0	-8.82283E-1	-8.26801E-5	-5.94583E-2
+5.44110E+0	-8.75561E-1	-1.37968E-3	-5.94317E-2
+5.45590E+0	-8.68618E-1	+4.26607E-3	-5.94009E-2
+5.47060E+0	-8.61549E-1	+1.51949E-3	-5.93673E-2
+5.48540E+0	-8.54259E-1	+3.88461E-3	-5.93342E-2
+5.50010E+0	-8.46848E-1	+2.05355E-3	-5.92978E-2
+5.51490E+0	-8.39217E-1	+3.04537E-3	-5.92613E-2
+5.52960E+0	-8.31470E-1	+5.94454E-3	-5.92211E-2
+5.54430E+0	-8.23557E-1	+1.29061E-3	-5.91802E-2
+5.55910E+0	-8.15426E-1	+4.26607E-3	-5.91365E-2
+5.57380E+0	-8.07187E-1	+6.55489E-3	-5.90921E-2
+5.58860E+0	-7.98730E-1	+4.72384E-3	-5.90417E-2
+5.60330E+0	-7.90171E-1	-6.38616E-6	-5.89908E-2
+5.61810E+0	-7.81396E-1	+2.89278E-3	-5.89364E-2
+5.63280E+0	-7.72524E-1	+4.11349E-3	-5.88806E-2
+5.64760E+0	-7.63436E-1	+4.80013E-3	-5.88234E-2
+5.66230E+0	-7.54258E-1	+5.48678E-3	-5.87622E-2
+5.67710E+0	-7.44866E-1	+6.63119E-3	-5.86977E-2
+5.69180E+0	-7.35389E-1	+4.87643E-3	-5.86312E-2
+5.70650E+0	-7.25766E-1	+4.26607E-3	-5.85642E-2
+5.72130E+0	-7.15932E-1	+4.41866E-3	-5.84935E-2
+5.73600E+0	-7.06021E-1	+2.66390E-3	-5.84172E-2
+5.75080E+0	-6.95902E-1	+9.14889E-3	-5.83371E-2
+5.76550E+0	-6.85712E-1	+7.31783E-3	-5.82546E-2
+5.78030E+0	-6.75315E-1	+7.16524E-3	-5.81692E-2
+5.79500E+0	-6.64854E-1	+5.79195E-3	-5.80776E-2
+5.80980E+0	-6.54189E-1	+6.55489E-3	-5.79827E-2
+5.82450E+0	-6.43465E-1	+7.24154E-3	-5.78855E-2
+5.83930E+0	-6.32539E-1	+4.41866E-3	-5.77759E-2
+5.85400E+0	-6.21560E-1	+1.15903E-2	-5.76637E-2
+5.86870E+0	-6.10459E-1	+1.07511E-2	-5.75562E-2
+5.88350E+0	-5.99159E-1	+7.01266E-3	-5.74362E-2
+5.89820E+0	-5.87816E-1	+8.38595E-3	-5.73082E-2
+5.91300E+0	-5.76278E-1	+7.77560E-3	-5.71818E-2
+5.92770E+0	-5.64704E-1	+8.69112E-3	-5.70443E-2
+5.94250E+0	-5.52937E-1	+1.08274E-2	-5.69031E-2
+5.95720E+0	-5.41139E-1	+6.55489E-3	-5.67493E-2
+5.97200E+0	-5.29153E-1	+8.69112E-3	-5.65910E-2
+5.98670E+0	-5.17142E-1	+9.14889E-3	-5.64244E-2
+6.00150E+0	-5.04946E-1	+1.01407E-2	-5.62498E-2
+6.01620E+0	-4.92731E-1	+1.23532E-2	-5.60642E-2
+6.03100E+0	-4.80335E-1	+7.85189E-3	-5.58727E-2
+6.04570E+0	-4.67926E-1	+1.17429E-2	-5.56739E-2
+6.06040E+0	-4.55425E-1	+1.11325E-2	-5.54605E-2
+6.07520E+0	-4.42747E-1	+5.94454E-3	-5.52365E-2
+6.08990E+0	-4.30067E-1	+5.33419E-3	-5.50042E-2
+6.10470E+0	-4.17214E-1	+5.63937E-3	-5.47587E-2
+6.11940E+0	-4.04365E-1	+8.15707E-3	-5.45003E-2
+6.13420E+0	-3.91347E-1	+1.50235E-2	-5.42179E-2
+6.14890E+0	-3.78339E-1	+2.34159E-2	-5.39300E-2
+6.16370E+0	-3.65167E-1	+3.23422E-2	-5.36079E-2
+6.17840E+0	-3.52011E-1	+3.31052E-2	-5.32734E-2
+6.19320E+0	-3.38695E-1	+2.82224E-2	-5.28995E-2
+6.20790E+0	-3.25401E-1	+2.44077E-2	-5.25250E-2
+6.22260E+0	-3.12043E-1	+2.25766E-2	-5.21326E-2
+6.23740E+0	-2.98531E-1	+2.82987E-2	-5.16988E-2
+6.25210E+0	-2.85051E-1	+3.50888E-2	-5.12344E-2
+6.26690E+0	-2.71422E-1	+4.02768E-2	-5.07304E-2
+6.28160E+0	-2.57831E-1	+3.87509E-2	-5.01873E-2
+6.29640E+0	-2.44096E-1	+4.16501E-2	-4.96031E-2
+6.31110E+0	-2.30405E-1	+4.60752E-2	-4.89642E-2
+6.32590E+0	-2.16575E-1	+5.29416E-2	-4.82703E-2
+6.34060E+0	-2.02795E-1	+4.61515E-2	-4.75174E-2
+6.35540E+0	-1.88880E-1	+4.95084E-2	-4.67169E-2
+6.37010E+0	-1.75022E-1	+6.39279E-2	-4.58299E-2
+6.38480E+0	-1.61129E-1	+7.11759E-2	-4.48701E-2
+6.39960E+0	-1.47110E-1	+9.06308E-2	-4.37754E-2
+6.41430E+0	-1.33156E-1	+1.05127E-1	-4.25903E-2
+6.42910E+0	-1.19080E-1	+1.14282E-1	-4.12250E-2
+6.44380E+0	-1.05075E-1	+1.13138E-1	-3.97543E-2
+6.45860E+0	-9.09542E-2	+1.12527E-1	-3.81169E-2
+6.47330E+0	-7.69106E-2	+1.30609E-1	-3.63258E-2
+6.48810E+0	-6.27561E-2	+1.38543E-1	-3.42774E-2
+6.50280E+0	-4.86846E-2	+1.67688E-1	-3.18807E-2
+6.51760E+0	-3.45077E-2	+2.09344E-1	-2.91362E-2
+6.53230E+0	-2.04197E-2	+2.52527E-1	-2.57669E-2
+6.54700E+0	-6.32763E-3	+3.22488E-1	-2.16485E-2
+6.56180E+0	+7.86157E-3	+4.20831E-1	-1.60461E-2
+6.57650E+0	+2.19533E-2	+4.69812E-1	-9.31119E-3
+6.59130E+0	+3.61366E-2	+4.65234E-1	-2.39326E-3
+6.60600E+0	+5.02167E-2	+4.60351E-1	+4.41650E-3
+6.62080E+0	+6.43826E-2	+4.54324E-1	+1.11900E-2
+6.63550E+0	+7.84400E-2	+4.45169E-1	+1.78056E-2
+6.65030E+0	+9.25772E-2	+4.34106E-1	+2.43189E-2
+6.66500E+0	+1.06600E-1	+3.96035E-1	+3.05838E-2
+6.67980E+0	+1.20698E-1	+2.50848E-1	+3.31232E-2
+6.69450E+0	+1.34676E-1	+1.40832E-1	+3.57857E-2
+6.70920E+0	+1.48627E-1	+1.25116E-1	+3.82558E-2
+6.72400E+0	+1.62643E-1	+1.19394E-1	+4.03986E-2
+6.73870E+0	+1.76532E-1	+1.11230E-1	+4.23473E-2
+6.75350E+0	+1.90481E-1	+9.87943E-2	+4.40855E-2
+6.76820E+0	+2.04297E-1	+8.51377E-2	+4.56199E-2
+6.78300E+0	+2.18166E-1	+8.58243E-2	+4.70300E-2
+6.79770E+0	+2.31898E-1	+9.45981E-2	+4.83231E-2
+6.81250E+0	+2.45676E-1	+9.74973E-2	+4.95743E-2
+6.82720E+0	+2.59313E-1	+7.99497E-2	+5.06858E-2
+6.84200E+0	+2.72990E-1	+5.21024E-2	+5.16947E-2
+6.85670E+0	+2.86521E-1	+5.02713E-2	+5.25983E-2
+6.87140E+0	+2.99995E-1	+5.51541E-2	+5.34592E-2
+6.88620E+0	+3.13500E-1	+5.75955E-2	+5.42704E-2
+6.90090E+0	+3.26851E-1	+5.29416E-2	+5.50178E-2
+6.91570E+0	+3.40228E-1	+4.67618E-2	+5.57347E-2
+6.93040E+0	+3.53446E-1	+4.24130E-2	+5.63825E-2
+6.94520E+0	+3.66684E-1	+4.04294E-2	+5.69951E-2
+6.95990E+0	+3.79759E-1	+4.11923E-2	+5.75715E-2
+6.97470E+0	+3.92846E-1	+4.29471E-2	+5.81161E-2
+6.98940E+0	+4.05767E-1	+3.52414E-2	+5.86088E-2
+7.00420E+0	+4.18695E-1	+2.74594E-2	+5.90931E-2
+7.01890E+0	+4.31451E-1	+2.33396E-2	+5.95274E-2
+7.03370E+0	+4.44208E-1	+2.01352E-2	+5.99528E-2
+7.04840E+0	+4.56790E-1	+2.14322E-2	+6.03369E-2
+7.06310E+0	+4.69282E-1	+1.48709E-2	+6.07063E-2
+7.07790E+0	+4.81764E-1	+1.60153E-2	+6.10590E-2
+7.09260E+0	+4.94066E-1	+1.33451E-2	+6.13962E-2
+7.10740E+0	+5.06352E-1	+1.78464E-2	+6.17081E-2
+7.12210E+0	+5.18454E-1	+1.93723E-2	+6.20089E-2
+7.13690E+0	+5.30535E-1	+2.29581E-2	+6.22989E-2
+7.15160E+0	+5.42429E-1	+2.17374E-2	+6.25708E-2
+7.16640E+0	+5.54294E-1	+1.78464E-2	+6.28332E-2
+7.18110E+0	+5.65969E-1	+1.44132E-2	+6.30837E-2
+7.19590E+0	+5.77610E-1	+1.35739E-2	+6.33267E-2
+7.21060E+0	+5.89057E-1	+6.93636E-3	+6.35588E-2
+7.22530E+0	+6.00386E-1	+1.01407E-2	+6.37714E-2
+7.24010E+0	+6.11673E-1	+1.50998E-2	+6.39829E-2
+7.25480E+0	+6.22761E-1	+1.56339E-2	+6.41711E-2
+7.26960E+0	+6.33800E-1	+1.51761E-2	+6.43575E-2
+7.28430E+0	+6.44638E-1	+1.21244E-2	+6.45346E-2
+7.29910E+0	+6.55420E-1	+1.18192E-2	+6.47113E-2
+7.31380E+0	+6.65999E-1	+1.12088E-2	+6.48783E-2
+7.32860E+0	+6.76516E-1	+1.31925E-2	+6.50333E-2
+7.34330E+0	+6.86828E-1	+7.92818E-3	+6.51869E-2
+7.35810E+0	+6.97071E-1	+8.76742E-3	+6.53343E-2
+7.37280E+0	+7.07107E-1	+1.09036E-2	+6.54677E-2
+7.38750E+0	+7.17002E-1	+1.02933E-2	+6.56048E-2
+7.40230E+0	+7.26820E-1	+7.92818E-3	+6.57337E-2
+7.41700E+0	+7.36428E-1	+8.08077E-3	+6.58549E-2
+7.43180E+0	+7.45952E-1	+3.65572E-3	+6.59771E-2
+7.44650E+0	+7.55264E-1	+8.38595E-3	+6.60878E-2
+7.46130E+0	+7.64488E-1	+6.09713E-3	+6.62000E-2
+7.47600E+0	+7.73497E-1	+7.54671E-3	+6.63049E-2
+7.49080E+0	+7.82412E-1	+5.71566E-3	+6.64139E-2
+7.50550E+0	+7.91111E-1	+3.96090E-3	+6.65021E-2
+7.52030E+0	+7.99710E-1	+5.10531E-3	+6.65987E-2
+7.53500E+0	+8.08092E-1	+8.08077E-3	+6.66863E-2
+7.54970E+0	+8.16313E-1	+7.92818E-3	+6.67666E-2
+7.56450E+0	+8.24427E-1	+2.58761E-3	+6.68510E-2
+7.57920E+0	+8.32321E-1	+5.94454E-3	+6.69347E-2
+7.59400E+0	+8.40102E-1	+6.55489E-3	+6.70045E-2
+7.60870E+0	+8.47663E-1	+7.92818E-3	+6.70801E-2
+7.62350E+0	+8.55105E-1	+6.55489E-3	+6.71514E-2
+7.63820E+0	+8.62327E-1	+4.57125E-3	+6.72186E-2
+7.65300E+0	+8.69425E-1	+4.72384E-3	+6.72848E-2
+7.66770E+0	+8.76301E-1	+4.51378E-4	+6.73433E-2
+7.68250E+0	+8.83049E-1	+4.18978E-3	+6.74026E-2
+7.69720E+0	+8.89574E-1	+7.54671E-3	+6.74598E-2
+7.71190E+0	+8.95924E-1	+3.04537E-3	+6.75135E-2
+7.72670E+0	+9.02136E-1	+1.67208E-3	+6.75657E-2
+7.74140E+0	+9.08127E-1	+2.28243E-3	+6.76160E-2
+7.75620E+0	+9.13976E-1	+3.50314E-3	+6.76626E-2
+7.77090E+0	+9.19604E-1	+6.40231E-3	+6.77067E-2
+7.78570E+0	+9.25086E-1	-6.16738E-4	+6.77459E-2
+7.80040E+0	+9.30346E-1	+3.27425E-3	+6.77918E-2
+7.81520E+0	+9.35455E-1	+2.35873E-3	+6.78283E-2
+7.82990E+0	+9.40343E-1	+1.06173E-3	+6.78624E-2
+7.84470E+0	+9.45076E-1	+3.12167E-3	+6.78942E-2
+7.85940E+0	+9.49588E-1	+3.96090E-3	+6.79276E-2
+7.87420E+0	+9.53941E-1	+2.43502E-3	+6.79624E-2
+7.88890E+0	+9.58074E-1	+1.46202E-4	+6.79908E-2
+7.90360E+0	+9.62017E-1	+5.18160E-3	+6.80176E-2
+7.91840E+0	+9.65793E-1	+3.57943E-3	+6.80430E-2
+7.93310E+0	+9.69352E-1	-1.07450E-3	+6.80660E-2
+7.94790E+0	+9.72740E-1	+6.55489E-3	+6.80900E-2
+7.96260E+0	+9.75912E-1	+3.50314E-3	+6.81126E-2
+7.97740E+0	+9.78909E-1	+3.19796E-3	+6.81331E-2
+7.99210E+0	+9.81691E-1	+8.76742E-3	+6.81431E-2
+8.00690E+0	+9.84295E-1	-8.55131E-3	+6.81585E-2
+8.02160E+0	+9.86685E-1	+2.74020E-3	+6.81654E-2
+8.03640E+0	+9.88893E-1	-1.60856E-3	+6.81783E-2
+8.05110E+0	+9.90890E-1	+3.50314E-3	+6.81914E-2
+8.06580E+0	+9.92689E-1	-1.07450E-3	+6.81926E-2
+8.08060E+0	+9.94302E-1	+8.32847E-4	+6.81999E-2
+8.09530E+0	+9.95706E-1	+2.74020E-3	+6.82050E-2
+8.11010E+0	+9.96919E-1	-7.69326E-4	+6.82117E-2
+8.12480E+0	+9.97925E-1	+1.36690E-3	+6.82075E-2
+8.13960E+0	+9.98738E-1	+6.80259E-4	+6.82053E-2
+8.15430E+0	+9.99347E-1	-3.97367E-3	+6.82056E-2
+8.16910E+0	+9.99759E-1	-1.37968E-3	+6.82009E-2
+8.18380E+0	+9.99969E-1	-2.21891E-3	+6.81990E-2
+8.19860E+0	+9.99980E-1	-7.69326E-4	+6.81921E-2
+8.21330E+0	+9.99791E-1	+9.09141E-4	+6.81783E-2
+8.22800E+0	+9.99404E-1	-1.60856E-3	+6.81719E-2
+8.24280E+0	+9.98814E-1	-2.82926E-3	+6.81610E-2
+8.25750E+0	+9.98029E-1	-5.65214E-3	+6.81530E-2
+8.27230E+0	+9.97038E-1	+2.43502E-3	+6.81453E-2
+8.28700E+0	+9.95855E-1	+3.42684E-3	+6.81286E-2
+8.30180E+0	+9.94464E-1	-3.97367E-3	+6.81197E-2
+8.31650E+0	+9.92885E-1	+1.46202E-4	+6.81072E-2
+8.33130E+0	+9.91095E-1	+2.35873E-3	+6.80903E-2
+8.34600E+0	+9.89120E-1	-1.83744E-3	+6.80784E-2
+8.36080E+0	+9.86933E-1	-3.97367E-3	+6.80625E-2
+8.37550E+0	+9.84564E-1	-4.04997E-3	+6.80465E-2
+8.39020E+0	+9.82000E-1	-5.40444E-4	+6.80242E-2
+8.40500E+0	+9.79221E-1	-5.34696E-3	+6.80164E-2
+8.41970E+0	+9.76266E-1	+1.44895E-2	+6.79945E-2
+8.43450E+0	+9.73095E-1	+1.06748E-2	+6.79689E-2
+8.44920E+0	+9.69751E-1	-8.24613E-3	+6.79517E-2
+8.46400E+0	+9.66190E-1	+6.99078E-5	+6.79324E-2
+8.47870E+0	+9.62460E-1	+2.05355E-3	+6.79057E-2
+8.49350E+0	+9.58512E-1	-1.60856E-3	+6.78820E-2
+8.50820E+0	+9.54400E-1	-2.29520E-3	+6.78583E-2
+8.52300E+0	+9.50068E-1	-8.45620E-4	+6.78289E-2
+8.53770E+0	+9.45576E-1	-3.11562E-4	+6.78020E-2
+8.55240E+0	+9.40896E-1	+6.03965E-4	+6.77732E-2
+8.56720E+0	+9.35996E-1	-7.69326E-4	+6.77420E-2
+8.58190E+0	+9.30942E-1	-3.97367E-3	+6.77118E-2
+8.59670E+0	+9.25667E-1	-2.35268E-4	+6.76795E-2
+8.61140E+0	+9.20243E-1	-6.41508E-3	+6.76460E-2
+8.62620E+0	+9.14598E-1	-3.87856E-4	+6.76102E-2
+8.64090E+0	+9.08808E-1	-2.37150E-3	+6.75729E-2
+8.65570E+0	+9.02797E-1	-3.05814E-3	+6.75377E-2
+8.67040E+0	+8.96646E-1	-3.51591E-3	+6.74966E-2
+8.68520E+0	+8.90274E-1	-4.27885E-3	+6.74576E-2
+8.69990E+0	+8.83767E-1	-2.14262E-3	+6.74162E-2
+8.71460E+0	+8.77085E-1	-3.28703E-3	+6.73711E-2
+8.72940E+0	+8.70181E-1	-9.98207E-4	+6.73281E-2
+8.74410E+0	+8.63151E-1	-4.12626E-3	+6.72779E-2
+8.75890E+0	+8.55900E-1	-3.59220E-3	+6.72322E-2
+8.77360E+0	+8.48526E-1	-2.90556E-3	+6.71800E-2
+8.78840E+0	+8.40933E-1	-5.65214E-3	+6.71281E-2
+8.80310E+0	+8.33223E-1	-3.43961E-3	+6.70734E-2
+8.81790E+0	+8.25294E-1	-2.90556E-3	+6.70176E-2
+8.83260E+0	+8.17253E-1	-3.21073E-3	+6.69586E-2
+8.84740E+0	+8.08994E-1	-3.36332E-3	+6.68959E-2
+8.86210E+0	+8.00630E-1	-3.59220E-3	+6.68337E-2
+8.87690E+0	+7.92048E-1	-6.72025E-3	+6.67698E-2
+8.89160E+0	+7.83366E-1	-2.60038E-3	+6.67033E-2
+8.90630E+0	+7.74529E-1	-4.27885E-3	+6.66319E-2
+8.92110E+0	+7.65476E-1	-2.75297E-3	+6.65570E-2
+8.93580E+0	+7.56331E-1	-1.37968E-3	+6.64819E-2
+8.95060E+0	+7.46973E-1	-1.22709E-3	+6.64015E-2
+8.96530E+0	+7.37529E-1	-1.37968E-3	+6.63213E-2
+8.98010E+0	+7.27873E-1	-3.51591E-3	+6.62385E-2
+8.99480E+0	+7.18137E-1	-4.88920E-3	+6.61479E-2
+9.00960E+0	+7.08191E-1	-7.94096E-3	+6.60601E-2
+9.02430E+0	+6.98170E-1	-6.03361E-3	+6.59595E-2
+9.03910E+0	+6.87942E-1	-6.87284E-3	+6.58648E-2
+9.05380E+0	+6.77645E-1	-9.39054E-3	+6.57641E-2
+9.06850E+0	+6.67214E-1	-4.73661E-3	+6.56576E-2
+9.08330E+0	+6.56578E-1	-7.48319E-3	+6.55442E-2
+9.09800E+0	+6.45883E-1	-8.32243E-3	+6.54334E-2
+9.11280E+0	+6.34986E-1	-7.94096E-3	+6.53183E-2
+9.12750E+0	+6.24036E-1	-8.09354E-3	+6.51904E-2
+9.14230E+0	+6.12886E-1	-9.00907E-3	+6.50630E-2
+9.15700E+0	+6.01689E-1	-6.94914E-3	+6.49282E-2
+9.17180E+0	+5.90295E-1	-9.00907E-3	+6.47886E-2
+9.18650E+0	+5.78861E-1	-1.35104E-2	+6.46435E-2
+9.20130E+0	+5.67233E-1	-1.17557E-2	+6.44955E-2
+9.21600E+0	+5.55570E-1	-1.38156E-2	+6.43366E-2
+9.23070E+0	+5.43797E-1	-9.61942E-3	+6.41739E-2
+9.24550E+0	+5.31835E-1	-9.54313E-3	+6.40016E-2
+9.26020E+0	+5.19847E-1	-9.61942E-3	+6.38188E-2
+9.27500E+0	+5.07674E-1	-6.41508E-3	+6.36309E-2
+9.28970E+0	+4.95482E-1	-1.19845E-2	+6.34377E-2
+9.30450E+0	+4.83107E-1	-1.17557E-2	+6.32309E-2
+9.31920E+0	+4.70720E-1	-1.21371E-2	+6.30183E-2
+9.33400E+0	+4.58154E-1	-1.41971E-2	+6.27920E-2
+9.34870E+0	+4.45582E-1	-1.99954E-2	+6.25544E-2
+9.36350E+0	+4.32835E-1	-2.01480E-2	+6.23026E-2
+9.37820E+0	+4.20087E-1	-2.21316E-2	+6.20423E-2
+9.39290E+0	+4.07256E-1	-3.00662E-2	+6.17661E-2
+9.40770E+0	+3.94256E-1	-3.27365E-2	+6.14698E-2
+9.42240E+0	+3.81266E-1	-3.57120E-2	+6.11535E-2
+9.43720E+0	+3.68110E-1	-2.76248E-2	+6.08192E-2
+9.45190E+0	+3.54970E-1	-2.43442E-2	+6.04729E-2
+9.46670E+0	+3.41670E-1	-2.15213E-2	+6.01169E-2
+9.48140E+0	+3.28391E-1	-2.20553E-2	+5.97290E-2
+9.49620E+0	+3.14956E-1	-3.60171E-2	+5.93105E-2
+9.51090E+0	+3.01549E-1	-3.73904E-2	+5.88605E-2
+9.52570E+0	+2.87990E-1	-3.44912E-2	+5.83806E-2
+9.54040E+0	+2.74466E-1	-3.18210E-2	+5.78678E-2
+9.55510E+0	+2.60887E-1	-3.31180E-2	+5.73210E-2
+9.56990E+0	+2.47163E-1	-4.34939E-2	+5.67368E-2
+9.58460E+0	+2.33483E-1	-4.75375E-2	+5.60888E-2
+9.59940E+0	+2.19662E-1	-4.86056E-2	+5.53891E-2
+9.61410E+0	+2.05892E-1	-5.66165E-2	+5.46433E-2
+9.62890E+0	+1.91986E-1	-6.92813E-2	+5.38242E-2
+9.64360E+0	+1.78136E-1	-6.83658E-2	+5.29030E-2
+9.65840E+0	+1.64157E-1	-6.05838E-2	+5.19073E-2
+9.67310E+0	+1.50238E-1	-6.43985E-2	+5.08672E-2
+9.68790E+0	+1.36196E-1	-7.09598E-2	+4.96725E-2
+9.70260E+0	+1.22220E-1	-8.16409E-2	+4.83944E-2
+9.71740E+0	+1.08126E-1	-9.81204E-2	+4.69535E-2
+9.73210E+0	+9.41045E-2	-1.22382E-1	+4.53741E-2
+9.74680E+0	+8.00647E-2	-1.31613E-1	+4.35463E-2
+9.76160E+0	+6.59134E-2	-1.48169E-1	+4.14780E-2
+9.77630E+0	+5.18445E-2	-1.66632E-1	+3.91367E-2
+9.79110E+0	+3.76695E-2	-2.01346E-1	+3.63809E-2
+9.80580E+0	+2.35828E-2	-2.32779E-1	+3.32402E-2
+9.82060E+0	+9.39549E-3	-3.02893E-1	+2.91843E-2
+9.83530E+0	-4.69780E-3	-4.24658E-1	+2.40198E-2
+9.85010E+0	-1.88860E-2	-4.96146E-1	+1.68698E-2
+9.86480E+0	-3.29746E-2	-4.92102E-1	+9.61016E-3
+9.87960E+0	-4.71524E-2	-4.86762E-1	+2.36711E-3
+9.89430E+0	-6.12250E-2	-4.78827E-1	-4.73246E-3
+9.90900E+0	-7.52855E-2	-4.68299E-1	-1.16977E-2
+9.92380E+0	-8.94265E-2	-3.42032E-1	-1.84037E-2
+9.93850E+0	-1.03454E-1	-3.07929E-1	-2.08129E-2
+9.95330E+0	-1.17556E-1	-1.54731E-1	-2.37211E-2
+9.96800E+0	-1.31540E-1	-1.15439E-1	-2.64690E-2
+9.98280E+0	-1.45592E-1	-1.14752E-1	-2.87537E-2
+9.99750E+0	-1.59521E-1	-1.05750E-1	-3.08115E-2
+1.00123E+1	-1.73512E-1	-1.06055E-1	-3.26204E-2
+1.00270E+1	-1.87374E-1	-1.02774E-1	-3.42865E-2
+1.00418E+1	-2.01292E-1	-1.07123E-1	-3.58131E-2
+1.00565E+1	-2.15077E-1	-9.47635E-2	-3.72456E-2
+1.00712E+1	-2.28819E-1	-8.13357E-2	-3.85478E-2
+1.00860E+1	-2.42608E-1	-6.38644E-2	-3.97080E-2
+1.01007E+1	-2.56256E-1	-6.24148E-2	-4.07781E-2
+1.01155E+1	-2.69945E-1	-7.69870E-2	-4.17880E-2
+1.01302E+1	-2.83488E-1	-7.25619E-2	-4.27583E-2
+1.01450E+1	-2.97066E-1	-5.83713E-2	-4.36089E-2
+1.01597E+1	-3.10494E-1	-5.46329E-2	-4.44260E-2
+1.01745E+1	-3.23950E-1	-4.33413E-2	-4.51853E-2
+1.01892E+1	-3.37251E-1	-4.15866E-2	-4.58651E-2
+1.02040E+1	-3.50575E-1	-4.16629E-2	-4.65331E-2
+1.02187E+1	-3.63738E-1	-4.42569E-2	-4.71398E-2
+1.02334E+1	-3.76830E-1	-3.97555E-2	-4.77210E-2
+1.02482E+1	-3.89935E-1	-3.38046E-2	-4.82607E-2
+1.02629E+1	-4.02873E-1	-3.20498E-2	-4.87836E-2
+1.02777E+1	-4.15819E-1	-2.81589E-2	-4.92644E-2
+1.02924E+1	-4.28595E-1	-2.74722E-2	-4.97236E-2
+1.03072E+1	-4.41371E-1	-3.12869E-2	-5.01501E-2
+1.03219E+1	-4.53973E-1	-3.00662E-2	-5.05616E-2
+1.03367E+1	-4.66570E-1	-3.31180E-2	-5.09596E-2
+1.03514E+1	-4.78989E-1	-3.46438E-2	-5.13264E-2
+1.03662E+1	-4.91396E-1	-3.84585E-2	-5.16738E-2
+1.03809E+1	-5.03621E-1	-3.37283E-2	-5.20120E-2
+1.03956E+1	-5.15746E-1	-3.60171E-2	-5.23337E-2
+1.04104E+1	-5.27851E-1	-3.28128E-2	-5.26361E-2
+1.04251E+1	-5.39768E-1	-3.18210E-2	-5.29230E-2
+1.04399E+1	-5.51658E-1	-2.74722E-2	-5.31996E-2
+1.04546E+1	-5.63358E-1	-2.72433E-2	-5.34532E-2
+1.04694E+1	-5.75024E-1	-2.23605E-2	-5.36993E-2
+1.04841E+1	-5.86497E-1	-1.96902E-2	-5.39268E-2
+1.04989E+1	-5.97930E-1	-1.72488E-2	-5.41606E-2
+1.05136E+1	-6.09167E-1	-1.21371E-2	-5.43782E-2
+1.05284E+1	-6.20358E-1	-8.55131E-3	-5.45974E-2
+1.05431E+1	-6.31350E-1	-1.12216E-2	-5.47991E-2
+1.05578E+1	-6.42216E-1	-1.65622E-2	-5.49977E-2
+1.05726E+1	-6.53028E-1	-1.43496E-2	-5.51813E-2
+1.05873E+1	-6.63636E-1	-6.49137E-3	-5.53594E-2
+1.06021E+1	-6.74183E-1	-1.17557E-2	-5.55388E-2
+1.06168E+1	-6.84525E-1	-1.33578E-2	-5.56968E-2
+1.06316E+1	-6.94799E-1	-8.85648E-3	-5.58605E-2
+1.06463E+1	-7.04866E-1	-1.06112E-2	-5.60161E-2
+1.06611E+1	-7.14860E-1	-9.61942E-3	-5.61713E-2
+1.06758E+1	-7.24644E-1	-8.55131E-3	-5.63091E-2
+1.06906E+1	-7.34349E-1	-1.14505E-2	-5.64541E-2
+1.07053E+1	-7.43842E-1	-8.70390E-3	-5.65802E-2
+1.07201E+1	-7.53250E-1	-8.62760E-3	-5.67138E-2
+1.07348E+1	-7.62444E-1	-9.46684E-3	-5.68377E-2
+1.07495E+1	-7.71488E-1	-8.24613E-3	-5.69600E-2
+1.07643E+1	-7.80438E-1	-8.39872E-3	-5.70699E-2
+1.07790E+1	-7.89172E-1	-9.00907E-3	-5.71855E-2
+1.07938E+1	-7.97806E-1	-3.82108E-3	-5.72935E-2
+1.08085E+1	-8.06224E-1	-5.80473E-3	-5.74018E-2
+1.08233E+1	-8.14537E-1	-6.64396E-3	-5.75069E-2
+1.08380E+1	-8.22632E-1	-8.16984E-3	-5.75989E-2
+1.08528E+1	-8.30616E-1	-2.29520E-3	-5.76945E-2
+1.08675E+1	-8.38382E-1	-7.17802E-3	-5.77930E-2
+1.08823E+1	-8.46031E-1	-5.42326E-3	-5.78797E-2
+1.08970E+1	-8.53461E-1	-7.10172E-3	-5.79630E-2
+1.09117E+1	-8.60721E-1	-7.17802E-3	-5.80485E-2
+1.09265E+1	-8.67857E-1	-6.26249E-3	-5.81269E-2
+1.09412E+1	-8.74773E-1	-5.65214E-3	-5.82042E-2
+1.09560E+1	-8.81559E-1	-2.29520E-3	-5.82798E-2
+1.09707E+1	-8.88125E-1	-6.94914E-3	-5.83526E-2
+1.09855E+1	-8.94557E-1	-4.58402E-3	-5.84254E-2
+1.10002E+1	-9.00767E-1	-3.82108E-3	-5.84899E-2
+1.10150E+1	-9.06838E-1	-4.96549E-3	-5.85571E-2
+1.10297E+1	-9.12688E-1	-5.95731E-3	-5.86180E-2
+1.10445E+1	-9.18395E-1	-5.19437E-3	-5.86784E-2
+1.10592E+1	-9.23880E-1	-4.27885E-3	-5.87359E-2
+1.10739E+1	-9.29181E-1	-5.65214E-3	-5.87915E-2
+1.10887E+1	-9.34332E-1	-3.74479E-3	-5.88474E-2
+1.11034E+1	-9.39262E-1	-3.11562E-4	-5.88970E-2
+1.11182E+1	-9.44037E-1	-7.69326E-4	-5.89445E-2
+1.11329E+1	-9.48592E-1	-1.68485E-3	-5.89921E-2
+1.11477E+1	-9.52987E-1	-6.94914E-3	-5.90385E-2
+1.11624E+1	-9.57163E-1	+1.67208E-3	-5.90839E-2
+1.11772E+1	-9.61175E-1	-5.04179E-3	-5.91241E-2
+1.11919E+1	-9.64968E-1	-3.05814E-3	-5.91611E-2
+1.12067E+1	-9.68594E-1	+2.98790E-4	-5.91996E-2
+1.12214E+1	-9.72002E-1	-6.18620E-3	-5.92390E-2
+1.12361E+1	-9.75217E-1	-5.40444E-4	-5.92737E-2
+1.12509E+1	-9.78258E-1	+6.99078E-5	-5.93111E-2
+1.12656E+1	-9.81083E-1	-1.11453E-2	-5.93454E-2
+1.12804E+1	-9.83731E-1	-4.64150E-4	-5.93668E-2
+1.12951E+1	-9.86165E-1	-2.90556E-3	-5.94014E-2
+1.13099E+1	-9.88418E-1	-4.50773E-3	-5.94202E-2
+1.13246E+1	-9.90459E-1	+2.98790E-4	-5.94455E-2
+1.13394E+1	-9.92314E-1	-1.45597E-3	-5.94708E-2
+1.13541E+1	-9.93960E-1	-3.66850E-3	-5.94920E-2
+1.13689E+1	-9.95417E-1	-6.10990E-3	-5.95128E-2
+1.13836E+1	-9.96666E-1	-8.26801E-5	-5.95273E-2
+1.13983E+1	-9.97717E-1	+1.06173E-3	-5.95516E-2
+1.14131E+1	-9.98574E-1	-2.60038E-3	-5.95614E-2
+1.14278E+1	-9.99228E-1	+6.03965E-4	-5.95727E-2
+1.14426E+1	-9.99685E-1	+1.36690E-3	-5.95826E-2
+1.14573E+1	-9.99939E-1	+6.03965E-4	-5.95936E-2
+1.14721E+1	-9.99995E-1	+6.03965E-4	-5.96018E-2
+1.14868E+1	-9.99851E-1	-1.30338E-3	-5.96094E-2
+1.15016E+1	-9.99506E-1	+1.46202E-4	-5.96124E-2
+1.15163E+1	-9.98963E-1	-1.22709E-3	-5.96179E-2
+1.15311E+1	-9.98217E-1	+1.82467E-3	-5.96236E-2
+1.15458E+1	-9.97276E-1	-6.16738E-4	-5.96324E-2
+1.15606E+1	-9.96129E-1	-3.66850E-3	-5.96361E-2
+1.15753E+1	-9.94792E-1	+2.12984E-3	-5.96340E-2
+1.15900E+1	-9.93256E-1	+1.21432E-3	-5.96419E-2
+1.16048E+1	-9.91511E-1	-1.53227E-3	-5.96412E-2
+1.16195E+1	-9.89581E-1	-4.73661E-3	-5.96374E-2
+1.16343E+1	-9.87438E-1	+3.04537E-3	-5.96372E-2
+1.16490E+1	-9.85113E-1	+2.28243E-3	-5.96369E-2
+1.16638E+1	-9.82575E-1	-7.40690E-3	-5.96371E-2
+1.16785E+1	-9.79858E-1	+1.00644E-2	-5.96316E-2
+1.16933E+1	-9.76926E-1	-4.12626E-3	-5.96382E-2
+1.17080E+1	-9.73819E-1	-1.34341E-2	-5.96245E-2
+1.17228E+1	-9.70495E-1	+4.11349E-3	-5.96171E-2
+1.17375E+1	-9.67001E-1	+1.21432E-3	-5.96136E-2
+1.17522E+1	-9.63314E-1	-8.45620E-4	-5.96030E-2
+1.17670E+1	-9.59409E-1	-7.69326E-4	-5.95946E-2
+1.17817E+1	-9.55340E-1	+1.46202E-4	-5.95865E-2
+1.17965E+1	-9.51051E-1	+2.22496E-4	-5.95746E-2
+1.18112E+1	-9.46601E-1	-1.07450E-3	-5.95610E-2
+1.18260E+1	-9.41931E-1	-4.64150E-4	-5.95489E-2
+1.18407E+1	-9.37105E-1	+6.03965E-4	-5.95358E-2
+1.18555E+1	-9.32058E-1	+2.58761E-3	-5.95199E-2
+1.18702E+1	-9.26859E-1	+1.74837E-3	-5.94991E-2
+1.18850E+1	-9.21440E-1	+9.09141E-4	-5.94853E-2
+1.18997E+1	-9.15873E-1	+1.46202E-4	-5.94611E-2
+1.19144E+1	-9.10124E-1	+5.25790E-3	-5.94448E-2
+1.19292E+1	-9.04153E-1	+1.82467E-3	-5.94219E-2
+1.19439E+1	-8.98043E-1	+1.90096E-3	-5.93993E-2
+1.19587E+1	-8.91711E-1	+2.96908E-3	-5.93737E-2
+1.19734E+1	-8.85243E-1	+4.26607E-3	-5.93454E-2
+1.19882E+1	-8.78555E-1	+8.32847E-4	-5.93144E-2
+1.20029E+1	-8.71736E-1	+2.43502E-3	-5.92875E-2
+1.20177E+1	-8.64696E-1	+2.51131E-3	-5.92571E-2
+1.20324E+1	-8.57531E-1	+2.58761E-3	-5.92226E-2
+1.20472E+1	-8.50146E-1	+3.96090E-3	-5.91896E-2
+1.20619E+1	-8.42641E-1	-6.38616E-6	-5.91497E-2
+1.20766E+1	-8.34968E-1	+1.97726E-3	-5.91121E-2
+1.20914E+1	-8.27076E-1	+1.21432E-3	-5.90705E-2
+1.21061E+1	-8.19073E-1	+2.89278E-3	-5.90294E-2
+1.21209E+1	-8.10850E-1	+2.66390E-3	-5.89840E-2
+1.21356E+1	-8.02522E-1	+4.57125E-3	-5.89372E-2
+1.21504E+1	-7.93975E-1	+4.41866E-3	-5.88861E-2
+1.21651E+1	-7.85329E-1	+3.04537E-3	-5.88334E-2
+1.21799E+1	-7.76466E-1	+5.10531E-3	-5.87803E-2
+1.21946E+1	-7.67508E-1	+5.63937E-3	-5.87240E-2
+1.22094E+1	-7.58335E-1	+7.31783E-3	-5.86675E-2
+1.22241E+1	-7.49073E-1	+6.63119E-3	-5.86050E-2
+1.22388E+1	-7.39662E-1	+5.71566E-3	-5.85413E-2
+1.22536E+1	-7.30039E-1	+7.69930E-3	-5.84717E-2
+1.22683E+1	-7.20335E-1	+6.70748E-3	-5.84000E-2
+1.22831E+1	-7.10421E-1	+4.41866E-3	-5.83264E-2
+1.22978E+1	-7.00432E-1	+5.71566E-3	-5.82491E-2
+1.23126E+1	-6.90235E-1	+6.70748E-3	-5.81678E-2
+1.23273E+1	-6.79969E-1	+4.87643E-3	-5.80817E-2
+1.23421E+1	-6.69496E-1	+3.96090E-3	-5.79914E-2
+1.23568E+1	-6.58961E-1	+7.92818E-3	-5.78986E-2
+1.23716E+1	-6.48222E-1	+7.24154E-3	-5.78042E-2
+1.23863E+1	-6.37427E-1	+5.02901E-3	-5.77013E-2
+1.24010E+1	-6.26505E-1	+8.53854E-3	-5.75955E-2
+1.24158E+1	-6.15383E-1	+5.63937E-3	-5.74828E-2
+1.24305E+1	-6.04213E-1	+9.75924E-3	-5.73622E-2
+1.24453E+1	-5.92846E-1	+1.22769E-2	-5.72427E-2
+1.24600E+1	-5.81438E-1	+6.63119E-3	-5.71177E-2
+1.24748E+1	-5.69836E-1	+8.23336E-3	-5.69820E-2
+1.24895E+1	-5.58198E-1	+6.86007E-3	-5.68431E-2
+1.25043E+1	-5.46369E-1	+7.16524E-3	-5.66914E-2
+1.25190E+1	-5.34512E-1	+7.62301E-3	-5.65385E-2
+1.25338E+1	-5.22466E-1	+8.23336E-3	-5.63735E-2
+1.25485E+1	-5.10397E-1	+6.86007E-3	-5.62037E-2
+1.25633E+1	-4.98145E-1	+1.14377E-2	-5.60244E-2
+1.25780E+1	-4.85875E-1	+5.48678E-3	-5.58351E-2
+1.25927E+1	-4.73509E-1	+1.09036E-2	-5.56439E-2
+1.26075E+1	-4.60964E-1	+8.69112E-3	-5.54325E-2
+1.26222E+1	-4.48412E-1	+6.32601E-3	-5.52187E-2
+1.26370E+1	-4.35684E-1	+2.89278E-3	-5.49891E-2
+1.26517E+1	-4.22956E-1	+8.38595E-3	-5.47559E-2
+1.26665E+1	-4.10056E-1	+1.24295E-2	-5.44999E-2
+1.26812E+1	-3.97162E-1	+2.22714E-2	-5.42277E-2
+1.26960E+1	-3.84100E-1	+2.84513E-2	-5.39349E-2
+1.27107E+1	-3.71050E-1	+3.23422E-2	-5.36279E-2
+1.27255E+1	-3.57837E-1	+3.60806E-2	-5.32918E-2
+1.27402E+1	-3.44641E-1	+3.31052E-2	-5.29424E-2
+1.27549E+1	-3.31378E-1	+2.28818E-2	-5.25756E-2
+1.27697E+1	-3.17957E-1	+2.34159E-2	-5.21895E-2
+1.27844E+1	-3.04564E-1	+2.85275E-2	-5.17726E-2
+1.27992E+1	-2.91019E-1	+3.41733E-2	-5.13085E-2
+1.28139E+1	-2.77507E-1	+3.38681E-2	-5.08333E-2
+1.28287E+1	-2.63847E-1	+2.77646E-2	-5.03076E-2
+1.28434E+1	-2.50227E-1	+3.81406E-2	-4.97565E-2
+1.28582E+1	-2.36465E-1	+4.05820E-2	-4.91489E-2
+1.28729E+1	-2.22748E-1	+5.27127E-2	-4.84740E-2
+1.28877E+1	-2.08893E-1	+5.17209E-2	-4.77498E-2
+1.29024E+1	-1.95090E-1	+5.76718E-2	-4.69496E-2
+1.29171E+1	-1.81249E-1	+5.93503E-2	-4.61047E-2
+1.29319E+1	-1.67277E-1	+6.59116E-2	-4.51497E-2
+1.29466E+1	-1.53366E-1	+6.07236E-2	-4.41311E-2
+1.29614E+1	-1.39329E-1	+6.51486E-2	-4.30044E-2
+1.29761E+1	-1.25360E-1	+8.07126E-2	-4.17736E-2
+1.29909E+1	-1.11270E-1	+9.24619E-2	-4.03883E-2
+1.30056E+1	-9.72538E-2	+1.13519E-1	-3.88255E-2
+1.30204E+1	-8.31224E-2	+1.38391E-1	-3.71022E-2
+1.30351E+1	-6.90700E-2	+1.50140E-1	-3.51222E-2
+1.30499E+1	-5.49081E-2	+1.67993E-1	-3.28611E-2
+1.30646E+1	-4.08309E-2	+1.81955E-1	-3.02614E-2
+1.30793E+1	-2.67456E-2	+2.29104E-1	-2.72247E-2
+1.30941E+1	-1.25591E-2	+2.79992E-1	-2.34961E-2
+1.31088E+1	+1.53398E-3	+3.91839E-1	-1.86463E-2
+1.31236E+1	+1.57227E-2	+4.69583E-1	-1.22371E-2
+1.31383E+1	+2.98123E-2	+4.67218E-1	-5.34221E-3
+1.31531E+1	+4.39919E-2	+4.63250E-1	+1.54297E-3
+1.31678E+1	+5.80668E-2	+4.57147E-1	+8.31176E-3
+1.31826E+1	+7.22259E-2	+4.49518E-1	+1.50275E-2
+1.31973E+1	+8.62749E-2	+4.39294E-1	+2.15683E-2
+1.32121E+1	+1.00402E-1	+4.26477E-1	+2.79831E-2
+1.32268E+1	+1.14414E-1	+5.11106E-2	+3.22802E-2
+1.32415E+1	+1.28403E-1	+1.38543E-1	+3.51976E-2
+1.32563E+1	+1.42461E-1	+1.75775E-1	+3.75521E-2
+1.32710E+1	+1.56397E-1	+1.58838E-1	+3.96709E-2
+1.32858E+1	+1.70395E-1	+1.39154E-1	+4.16349E-2
+1.33005E+1	+1.84265E-1	+1.31219E-1	+4.34131E-2
+1.33153E+1	+1.98192E-1	+1.22522E-1	+4.51004E-2
+1.33300E+1	+2.11986E-1	+1.04364E-1	+4.65774E-2
+1.33448E+1	+2.25831E-1	+7.78897E-2	+4.79451E-2
+1.33595E+1	+2.39538E-1	+6.69797E-2	+4.91554E-2
+1.33743E+1	+2.53289E-1	+6.72849E-2	+5.02668E-2
+1.33890E+1	+2.66898E-1	+7.94919E-2	+5.13231E-2
+1.34038E+1	+2.80545E-1	+7.20151E-2	+5.23299E-2
+1.34185E+1	+2.94044E-1	+5.65274E-2	+5.32313E-2
+1.34332E+1	+3.07485E-1	+5.82059E-2	+5.40445E-2
+1.34480E+1	+3.20955E-1	+4.80588E-2	+5.48316E-2
+1.34627E+1	+3.34271E-1	+4.09635E-2	+5.55442E-2
+1.34775E+1	+3.47610E-1	+3.67673E-2	+5.62119E-2
+1.34922E+1	+3.60789E-1	+4.18027E-2	+5.68364E-2
+1.35070E+1	+3.73986E-1	+4.05057E-2	+5.74307E-2
+1.35217E+1	+3.87019E-1	+4.40152E-2	+5.79938E-2
+1.35365E+1	+4.00064E-1	+3.85984E-2	+5.85154E-2
+1.35512E+1	+4.12940E-1	+3.09690E-2	+5.89971E-2
+1.35660E+1	+4.25821E-1	+2.67728E-2	+5.94553E-2
+1.35807E+1	+4.38530E-1	+2.51706E-2	+5.98829E-2
+1.35954E+1	+4.51152E-1	+2.08982E-2	+6.02858E-2
+1.36102E+1	+4.63770E-1	+2.22714E-2	+6.06653E-2
+1.36249E+1	+4.76209E-1	+2.19663E-2	+6.10245E-2
+1.36397E+1	+4.88638E-1	+2.35684E-2	+6.13732E-2
+1.36544E+1	+5.00885E-1	+2.47129E-2	+6.16930E-2
+1.36692E+1	+5.13116E-1	+2.83750E-2	+6.20047E-2
+1.36839E+1	+5.25161E-1	+2.97483E-2	+6.22968E-2
+1.36987E+1	+5.37183E-1	+3.09690E-2	+6.25817E-2
+1.37134E+1	+5.49016E-1	+2.77646E-2	+6.28447E-2
+1.37282E+1	+5.60820E-1	+2.50180E-2	+6.31020E-2
+1.37429E+1	+5.72433E-1	+1.96012E-2	+6.33408E-2
+1.37576E+1	+5.83931E-1	+1.57102E-2	+6.35746E-2
+1.37724E+1	+5.95391E-1	+1.11325E-2	+6.37937E-2
+1.37871E+1	+6.06655E-1	+1.26584E-2	+6.40047E-2
+1.38019E+1	+6.17873E-1	+1.09799E-2	+6.42070E-2
+1.38166E+1	+6.28893E-1	+1.66257E-2	+6.43977E-2
+1.38314E+1	+6.39862E-1	+1.44895E-2	+6.45781E-2
+1.38461E+1	+6.50628E-1	+1.12088E-2	+6.47520E-2
+1.38609E+1	+6.61338E-1	+9.98812E-3	+6.49295E-2
+1.38756E+1	+6.71843E-1	+1.29636E-2	+6.50879E-2
+1.38904E+1	+6.82285E-1	+9.45406E-3	+6.52416E-2
+1.39051E+1	+6.92520E-1	+1.05222E-2	+6.53884E-2
+1.39198E+1	+7.02618E-1	+8.38595E-3	+6.55310E-2
+1.39346E+1	+7.12644E-1	+1.21244E-2	+6.56649E-2
+1.39493E+1	+7.22460E-1	+4.87643E-3	+6.57984E-2
+1.39641E+1	+7.32197E-1	+1.22006E-2	+6.59254E-2
+1.39788E+1	+7.41723E-1	+6.63119E-3	+6.60477E-2
+1.39936E+1	+7.51165E-1	+7.92818E-3	+6.61616E-2
+1.40083E+1	+7.60394E-1	+4.57125E-3	+6.62737E-2
+1.40231E+1	+7.69532E-1	+9.07259E-3	+6.63854E-2
+1.40378E+1	+7.78456E-1	+5.10531E-3	+6.64855E-2
+1.40526E+1	+7.87284E-1	+7.01266E-3	+6.65875E-2
+1.40673E+1	+7.95895E-1	+8.08077E-3	+6.66784E-2
+1.40820E+1	+8.04348E-1	+8.84371E-3	+6.67641E-2
+1.40968E+1	+8.12698E-1	+5.33419E-3	+6.68538E-2
+1.41115E+1	+8.20829E-1	+3.27425E-3	+6.69405E-2
+1.41263E+1	+8.28850E-1	+8.84371E-3	+6.70191E-2
+1.41410E+1	+8.36653E-1	+2.28243E-3	+6.70968E-2
+1.41558E+1	+8.44340E-1	+3.19796E-3	+6.71709E-2
+1.41705E+1	+8.51808E-1	+9.85435E-4	+6.72395E-2
+1.41853E+1	+8.59155E-1	+4.87643E-3	+6.73102E-2
+1.42000E+1	+8.66281E-1	+3.04537E-3	+6.73776E-2
+1.42148E+1	+8.73282E-1	+3.96090E-3	+6.74402E-2
+1.42295E+1	+8.80061E-1	+4.49496E-3	+6.75035E-2
+1.42442E+1	+8.86666E-1	+3.27425E-3	+6.75576E-2
+1.42590E+1	+8.93138E-1	+3.27425E-3	+6.76101E-2
+1.42737E+1	+8.99388E-1	+4.87643E-3	+6.76621E-2
+1.42885E+1	+9.05500E-1	+5.18160E-3	+6.77139E-2
+1.43032E+1	+9.11391E-1	+1.67208E-3	+6.77610E-2
+1.43180E+1	+9.17138E-1	+3.50314E-3	+6.78075E-2
+1.43327E+1	+9.22664E-1	+4.57125E-3	+6.78517E-2
+1.43475E+1	+9.28043E-1	+9.85435E-4	+6.78966E-2
+1.43622E+1	+9.33200E-1	+4.87643E-3	+6.79321E-2
+1.43770E+1	+9.38205E-1	-3.11562E-4	+6.79705E-2
+1.43917E+1	+9.42989E-1	-4.64150E-4	+6.80044E-2
+1.44065E+1	+9.47616E-1	+1.29061E-3	+6.80373E-2
+1.44212E+1	+9.52024E-1	+1.21432E-3	+6.80691E-2
+1.44359E+1	+9.56242E-1	+4.51378E-4	+6.80990E-2
+1.44507E+1	+9.60297E-1	+2.20614E-3	+6.81250E-2
+1.44654E+1	+9.64133E-1	+1.21432E-3	+6.81505E-2
+1.44802E+1	+9.67802E-1	-1.37968E-3	+6.81755E-2
+1.44949E+1	+9.71253E-1	+4.03719E-3	+6.82000E-2
+1.45097E+1	+9.74533E-1	-1.68485E-3	+6.82219E-2
+1.45244E+1	+9.77597E-1	-4.04997E-3	+6.82411E-2
+1.45392E+1	+9.80485E-1	-1.99003E-3	+6.82614E-2
+1.45539E+1	+9.83158E-1	+1.02170E-2	+6.82716E-2
+1.45687E+1	+9.85652E-1	-6.10990E-3	+6.82856E-2
+1.45834E+1	+9.87933E-1	+1.13802E-3	+6.82969E-2
+1.45981E+1	+9.90018E-1	+2.28243E-3	+6.83012E-2
+1.46129E+1	+9.91918E-1	-9.21914E-4	+6.83071E-2
+1.46276E+1	+9.93608E-1	+1.59579E-3	+6.83143E-2
+1.46424E+1	+9.95109E-1	+2.98790E-4	+6.83211E-2
+1.46571E+1	+9.96403E-1	+3.50314E-3	+6.83240E-2
+1.46719E+1	+9.97505E-1	-1.30338E-3	+6.83232E-2
+1.46866E+1	+9.98401E-1	+5.02901E-3	+6.83279E-2
+1.47014E+1	+9.99102E-1	+5.18160E-3	+6.83203E-2
+1.47161E+1	+9.99600E-1	-1.30338E-3	+6.83174E-2
+1.47309E+1	+9.99901E-1	+1.29061E-3	+6.83153E-2
