+0.00000E+0	+0.00000E+0	-2.78659E-3	-1.39330E-7
+1.47000E-2	+1.40930E-2	+2.10074E-1	+2.10924E-3
+2.95000E-2	+2.82790E-2	+2.16864E-1	+4.62413E-3
+4.42000E-2	+4.23635E-2	+1.93136E-1	+7.14980E-3
+5.90000E-2	+5.65354E-2	+1.54913E-1	+9.75547E-3
+7.37000E-2	+7.06002E-2	+1.50869E-1	+1.22850E-2
+8.85000E-2	+8.47465E-2	+1.49801E-1	+1.47020E-2
+1.03200E-1	+9.87804E-2	+1.60635E-1	+1.70549E-2
+1.18000E-1	+1.12890E-1	+1.65365E-1	+1.92733E-2
+1.32700E-1	+1.26882E-1	+1.53463E-1	+2.14678E-2
+1.47500E-1	+1.40943E-1	+1.42324E-1	+2.35739E-2
+1.62200E-1	+1.54881E-1	+1.26150E-1	+2.56017E-2
+1.76900E-1	+1.68789E-1	+1.24167E-1	+2.75278E-2
+1.91700E-1	+1.82757E-1	+1.13791E-1	+2.93551E-2
+2.06400E-1	+1.96595E-1	+1.19131E-1	+3.11369E-2
+2.21200E-1	+2.10487E-1	+1.23861E-1	+3.28114E-2
+2.35900E-1	+2.24243E-1	+1.15774E-1	+3.44498E-2
+2.50700E-1	+2.38048E-1	+1.06695E-1	+3.59994E-2
+2.65400E-1	+2.51712E-1	+8.46463E-2	+3.74841E-2
+2.80200E-1	+2.65419E-1	+8.19760E-2	+3.88830E-2
+2.94900E-1	+2.78980E-1	+7.73221E-2	+4.02175E-2
+3.09700E-1	+2.92577E-1	+8.98343E-2	+4.15417E-2
+3.24400E-1	+3.06025E-1	+9.99814E-2	+4.27903E-2
+3.39100E-1	+3.19411E-1	+9.66244E-2	+4.40216E-2
+3.53900E-1	+3.32825E-1	+7.96109E-2	+4.51870E-2
+3.68600E-1	+3.46081E-1	+5.71042E-2	+4.62818E-2
+3.83400E-1	+3.59358E-1	+5.66464E-2	+4.72933E-2
+3.98100E-1	+3.72474E-1	+5.56546E-2	+4.82876E-2
+4.12900E-1	+3.85605E-1	+6.40469E-2	+4.92502E-2
+4.27600E-1	+3.98569E-1	+5.84774E-2	+5.01539E-2
+4.42400E-1	+4.11542E-1	+6.51150E-2	+5.10208E-2
+4.57100E-1	+4.24346E-1	+6.01559E-2	+5.18435E-2
+4.71900E-1	+4.37151E-1	+5.81723E-2	+5.26397E-2
+4.86600E-1	+4.49783E-1	+5.19162E-2	+5.33831E-2
+5.01400E-1	+4.62410E-1	+4.16165E-2	+5.41057E-2
+5.16100E-1	+4.74860E-1	+4.58127E-2	+5.47699E-2
+5.30800E-1	+4.87215E-1	+3.68100E-2	+5.54356E-2
+5.45600E-1	+4.99557E-1	+3.90988E-2	+5.60245E-2
+5.60300E-1	+5.11716E-1	+3.49026E-2	+5.66178E-2
+5.75100E-1	+5.23855E-1	+3.40634E-2	+5.71658E-2
+5.89800E-1	+5.35807E-1	+3.02487E-2	+5.77024E-2
+6.04600E-1	+5.47734E-1	+2.78836E-2	+5.82161E-2
+6.19300E-1	+5.59470E-1	+3.20034E-2	+5.86948E-2
+6.34100E-1	+5.71174E-1	+3.26138E-2	+5.91602E-2
+6.48800E-1	+5.82685E-1	+3.72677E-2	+5.95965E-2
+6.63600E-1	+5.94158E-1	+3.50552E-2	+6.00035E-2
+6.78300E-1	+6.05435E-1	+3.39871E-2	+6.03883E-2
+6.93000E-1	+6.16591E-1	+2.81888E-2	+6.07496E-2
+7.07800E-1	+6.27700E-1	+1.12515E-2	+6.11146E-2
+7.22500E-1	+6.38608E-1	+2.32510E-3	+6.14826E-2
+7.37300E-1	+6.49463E-1	+1.55240E-2	+6.18219E-2
+7.52000E-1	+6.60114E-1	+3.49026E-2	+6.21314E-2
+7.66800E-1	+6.70706E-1	+3.06302E-2	+6.24051E-2
+7.81500E-1	+6.81093E-1	+1.56003E-2	+6.26925E-2
+7.96300E-1	+6.91413E-1	+1.62106E-2	+6.29780E-2
+8.11000E-1	+7.01526E-1	+2.27719E-2	+6.32312E-2
+8.25800E-1	+7.11567E-1	+8.04715E-3	+6.34797E-2
+8.40500E-1	+7.21398E-1	+1.52951E-2	+6.37277E-2
+8.55200E-1	+7.31086E-1	+1.65158E-2	+6.39441E-2
+8.70000E-1	+7.40694E-1	+1.26248E-2	+6.41635E-2
+8.84700E-1	+7.50088E-1	+1.91861E-2	+6.43702E-2
+8.99500E-1	+7.59396E-1	+1.01071E-2	+6.45798E-2
+9.14200E-1	+7.68490E-1	+1.52951E-2	+6.47675E-2
+9.29000E-1	+7.77492E-1	+1.19381E-2	+6.49515E-2
+9.43700E-1	+7.86278E-1	+1.47610E-2	+6.51252E-2
+9.58500E-1	+7.94965E-1	+9.03897E-3	+6.52974E-2
+9.73200E-1	+8.03436E-1	+9.87820E-3	+6.54497E-2
+9.88000E-1	+8.11803E-1	+1.01071E-2	+6.56053E-2
+1.00270E+0	+8.19952E-1	+8.96268E-3	+6.57511E-2
+1.01740E+0	+8.27938E-1	+8.04715E-3	+6.58896E-2
+1.03220E+0	+8.35812E-1	+9.42044E-3	+6.60277E-2
+1.04690E+0	+8.43466E-1	+6.67386E-3	+6.61582E-2
+1.06170E+0	+8.51003E-1	+1.05649E-2	+6.62801E-2
+1.07640E+0	+8.58320E-1	+6.52127E-3	+6.63978E-2
+1.09120E+0	+8.65514E-1	+9.57303E-3	+6.65136E-2
+1.10590E+0	+8.72487E-1	+6.21610E-3	+6.66265E-2
+1.12070E+0	+8.79332E-1	+4.23245E-3	+6.67324E-2
+1.13540E+0	+8.85956E-1	+7.43680E-3	+6.68271E-2
+1.15020E+0	+8.92447E-1	+7.66568E-3	+6.69251E-2
+1.16490E+0	+8.98717E-1	+7.28421E-3	+6.70132E-2
+1.17960E+0	+9.04807E-1	+4.76651E-3	+6.71051E-2
+1.19440E+0	+9.10758E-1	+5.68204E-3	+6.71847E-2
+1.20910E+0	+9.16487E-1	+7.97086E-3	+6.72685E-2
+1.22390E+0	+9.22072E-1	+3.85098E-3	+6.73390E-2
+1.23860E+0	+9.27434E-1	+2.55399E-3	+6.74125E-2
+1.25340E+0	+9.32647E-1	+1.79105E-3	+6.74823E-2
+1.26810E+0	+9.37639E-1	+8.42862E-3	+6.75416E-2
+1.28290E+0	+9.42477E-1	+4.76651E-3	+6.76124E-2
+1.29760E+0	+9.47094E-1	+4.07986E-3	+6.76693E-2
+1.31240E+0	+9.51553E-1	+1.01834E-2	+6.77260E-2
+1.32710E+0	+9.55792E-1	+7.89456E-3	+6.77737E-2
+1.34180E+0	+9.59841E-1	+1.63846E-3	+6.78279E-2
+1.35660E+0	+9.63725E-1	+5.60574E-3	+6.78797E-2
+1.37130E+0	+9.67391E-1	+1.71475E-3	+6.79193E-2
+1.38610E+0	+9.70887E-1	+1.48587E-3	+6.79615E-2
+1.40080E+0	+9.74166E-1	+8.42862E-3	+6.79992E-2
+1.41560E+0	+9.77273E-1	+5.91092E-3	+6.80399E-2
+1.43030E+0	+9.80163E-1	+3.46951E-3	+6.80667E-2
+1.44510E+0	+9.82877E-1	-2.71030E-3	+6.81044E-2
+1.45980E+0	+9.85376E-1	+2.55399E-3	+6.81266E-2
+1.47460E+0	+9.87694E-1	+7.43680E-3	+6.81546E-2
+1.48930E+0	+9.89800E-1	+1.48587E-3	+6.81733E-2
+1.50410E+0	+9.91722E-1	-1.64218E-3	+6.81928E-2
+1.51880E+0	+9.93433E-1	-4.97772E-4	+6.82073E-2
+1.53350E+0	+9.94947E-1	-7.26654E-4	+6.82243E-2
+1.54830E+0	+9.96271E-1	-2.48141E-3	+6.82454E-2
+1.56300E+0	+9.97388E-1	-1.10812E-3	+6.82479E-2
+1.57780E+0	+9.98313E-1	+1.63846E-3	+6.82507E-2
+1.59250E+0	+9.99032E-1	-1.92596E-4	+6.82593E-2
+1.60730E+0	+9.99556E-1	+1.18070E-3	+6.82627E-2
+1.62200E+0	+9.99876E-1	-1.56589E-3	+6.82729E-2
+1.63680E+0	+9.99999E-1	+1.10440E-3	+6.82646E-2
+1.65150E+0	+9.99921E-1	+1.12580E-4	+6.82632E-2
+1.66630E+0	+9.99642E-1	-2.40512E-3	+6.82570E-2
+1.68100E+0	+9.99166E-1	+1.88874E-4	+6.82481E-2
+1.69570E+0	+9.98491E-1	+7.22931E-4	+6.82445E-2
+1.71050E+0	+9.97612E-1	+2.70657E-3	+6.82323E-2
+1.72520E+0	+9.96539E-1	+7.22931E-4	+6.82257E-2
+1.74000E+0	+9.95260E-1	-3.45184E-4	+6.82183E-2
+1.75470E+0	+9.93790E-1	+1.12580E-4	+6.81996E-2
+1.76950E+0	+9.92111E-1	-5.30429E-3	+6.81919E-2
+1.78420E+0	+9.90246E-1	+4.38504E-3	+6.81766E-2
+1.79900E+0	+9.88170E-1	-4.61764E-3	+6.81626E-2
+1.81370E+0	+9.85910E-1	-2.86288E-3	+6.81433E-2
+1.82850E+0	+9.83437E-1	+3.92728E-3	+6.81272E-2
+1.84320E+0	+9.80785E-1	+1.94363E-3	+6.81238E-2
+1.85790E+0	+9.77938E-1	+1.02811E-3	+6.80843E-2
+1.87270E+0	+9.74876E-1	-5.68576E-3	+6.80754E-2
+1.88740E+0	+9.71640E-1	+2.85916E-3	+6.80532E-2
+1.90220E+0	+9.68187E-1	-4.23618E-3	+6.80294E-2
+1.91690E+0	+9.64565E-1	-1.03183E-3	+6.80065E-2
+1.93170E+0	+9.60724E-1	+1.12580E-4	+6.79791E-2
+1.94640E+0	+9.56717E-1	-4.99911E-3	+6.79499E-2
+1.96120E+0	+9.52492E-1	-1.56589E-3	+6.79232E-2
+1.97590E+0	+9.48105E-1	-9.55535E-4	+6.78914E-2
+1.99070E+0	+9.43498E-1	-3.09177E-3	+6.78573E-2
+2.00540E+0	+9.38734E-1	-3.85471E-3	+6.78230E-2
+2.02010E+0	+9.33784E-1	-7.44052E-3	+6.77857E-2
+2.03490E+0	+9.28613E-1	-8.02948E-4	+6.77466E-2
+2.04960E+0	+9.23291E-1	-4.08359E-3	+6.77098E-2
+2.06440E+0	+9.17749E-1	-1.33701E-3	+6.76645E-2
+2.07910E+0	+9.12060E-1	-8.02948E-4	+6.76180E-2
+2.09390E+0	+9.06150E-1	-2.48141E-3	+6.75717E-2
+2.10860E+0	+9.00099E-1	-4.31247E-3	+6.75202E-2
+2.12340E+0	+8.93827E-1	-4.92282E-3	+6.74687E-2
+2.13810E+0	+8.87419E-1	-3.01547E-3	+6.74152E-2
+2.15290E+0	+8.80789E-1	-9.55535E-4	+6.73618E-2
+2.16760E+0	+8.74028E-1	-4.69394E-3	+6.72999E-2
+2.18230E+0	+8.67094E-1	-3.77841E-3	+6.72359E-2
+2.19710E+0	+8.59939E-1	-3.47324E-3	+6.71701E-2
+2.21180E+0	+8.52660E-1	-4.69394E-3	+6.70995E-2
+2.22660E+0	+8.45161E-1	-3.77841E-3	+6.70271E-2
+2.24130E+0	+8.37544E-1	-7.21164E-3	+6.69526E-2
+2.25610E+0	+8.29708E-1	-3.77841E-3	+6.68748E-2
+2.27080E+0	+8.21759E-1	-8.27975E-3	+6.67872E-2
+2.28560E+0	+8.13591E-1	-4.31247E-3	+6.67041E-2
+2.30030E+0	+8.05316E-1	-4.46506E-3	+6.66085E-2
+2.31510E+0	+7.96823E-1	-1.03397E-2	+6.65120E-2
+2.32980E+0	+7.88228E-1	-8.43234E-3	+6.64202E-2
+2.34460E+0	+7.79418E-1	-5.30429E-3	+6.63107E-2
+2.35930E+0	+7.70511E-1	-6.67758E-3	+6.62048E-2
+2.37400E+0	+7.61451E-1	-7.21164E-3	+6.60869E-2
+2.38880E+0	+7.52177E-1	-5.83835E-3	+6.59665E-2
+2.40350E+0	+7.42815E-1	-9.04269E-3	+6.58382E-2
+2.41830E+0	+7.33241E-1	-8.81381E-3	+6.57148E-2
+2.43300E+0	+7.23586E-1	-8.58493E-3	+6.55706E-2
+2.44780E+0	+7.13719E-1	-1.04160E-2	+6.54225E-2
+2.46250E+0	+7.03777E-1	-5.22800E-3	+6.52754E-2
+2.47730E+0	+6.93626E-1	-1.50699E-2	+6.51095E-2
+2.49200E+0	+6.83406E-1	-1.22470E-2	+6.49508E-2
+2.50680E+0	+6.72978E-1	-1.14841E-2	+6.47759E-2
+2.52150E+0	+6.62488E-1	-9.27158E-3	+6.45878E-2
+2.53620E+0	+6.51865E-1	-1.63669E-2	+6.43945E-2
+2.55100E+0	+6.41040E-1	-1.62906E-2	+6.41968E-2
+2.56570E+0	+6.30159E-1	-5.22800E-3	+6.39850E-2
+2.58050E+0	+6.19079E-1	-1.15604E-2	+6.37579E-2
+2.59520E+0	+6.07950E-1	-2.06394E-2	+6.35224E-2
+2.61000E+0	+5.96623E-1	-2.60562E-2	+6.32812E-2
+2.62470E+0	+5.85254E-1	-2.20890E-2	+6.30373E-2
+2.63950E+0	+5.73690E-1	-2.23178E-2	+6.27666E-2
+2.65420E+0	+5.62090E-1	-1.47647E-2	+6.24800E-2
+2.66900E+0	+5.50298E-1	-1.04160E-2	+6.21677E-2
+2.68370E+0	+5.38476E-1	-8.12717E-3	+6.18443E-2
+2.69840E+0	+5.26547E-1	-1.41544E-2	+6.14889E-2
+2.71320E+0	+5.14432E-1	-2.47592E-2	+6.11329E-2
+2.72790E+0	+5.02295E-1	-3.22361E-2	+6.07605E-2
+2.74270E+0	+4.89976E-1	-3.49826E-2	+6.03790E-2
+2.75740E+0	+4.77642E-1	-3.26938E-2	+5.99622E-2
+2.77220E+0	+4.65128E-1	-3.15494E-2	+5.95138E-2
+2.78690E+0	+4.52606E-1	-3.45249E-2	+5.90372E-2
+2.80170E+0	+4.39908E-1	-3.20072E-2	+5.85551E-2
+2.81640E+0	+4.27208E-1	-3.48300E-2	+5.80122E-2
+2.83120E+0	+4.14336E-1	-3.72715E-2	+5.74675E-2
+2.84590E+0	+4.01469E-1	-3.71189E-2	+5.68686E-2
+2.86060E+0	+3.88522E-1	-4.97837E-2	+5.62575E-2
+2.87540E+0	+3.75408E-1	-4.95548E-2	+5.55659E-2
+2.89010E+0	+3.62309E-1	-5.73368E-2	+5.48608E-2
+2.90490E+0	+3.49048E-1	-5.32932E-2	+5.40954E-2
+2.91960E+0	+3.35806E-1	-5.16147E-2	+5.33047E-2
+2.93440E+0	+3.22408E-1	-5.05466E-2	+5.24771E-2
+2.94910E+0	+3.09035E-1	-5.49716E-2	+5.15929E-2
+2.96390E+0	+2.95510E-1	-5.93204E-2	+5.06809E-2
+2.97860E+0	+2.82017E-1	-6.78653E-2	+4.96930E-2
+2.99340E+0	+2.68376E-1	-7.20615E-2	+4.86579E-2
+3.00810E+0	+2.54773E-1	-8.28952E-2	+4.75623E-2
+3.02280E+0	+2.41120E-1	-9.96799E-2	+4.64111E-2
+3.03760E+0	+2.27325E-1	-1.01892E-1	+4.51518E-2
+3.05230E+0	+2.13579E-1	-1.00443E-1	+4.38530E-2
+3.06710E+0	+1.99696E-1	-9.13639E-2	+4.25124E-2
+3.08180E+0	+1.85867E-1	-9.59415E-2	+4.10783E-2
+3.09660E+0	+1.71906E-1	-8.45737E-2	+3.95888E-2
+3.11130E+0	+1.58006E-1	-8.89225E-2	+3.80098E-2
+3.12610E+0	+1.43980E-1	-1.11124E-1	+3.63537E-2
+3.14080E+0	+1.30019E-1	-1.23789E-1	+3.45660E-2
+3.15560E+0	+1.15938E-1	-1.38666E-1	+3.26417E-2
+3.17030E+0	+1.01928E-1	-1.42252E-1	+3.06281E-2
+3.18500E+0	+8.78986E-2	-1.59876E-1	+2.84500E-2
+3.19980E+0	+7.37558E-2	-1.56290E-1	+2.61661E-2
+3.21450E+0	+5.96939E-2	-1.59342E-1	+2.37736E-2
+3.22930E+0	+4.55243E-2	-1.72770E-1	+2.13508E-2
+3.24400E+0	+3.14414E-2	-1.68955E-1	+1.88144E-2
+3.25880E+0	+1.72564E-2	-1.76279E-1	+1.62820E-2
+3.27350E+0	+3.16383E-3	-1.71549E-1	+1.37730E-2
+3.28830E+0	-1.10253E-2	-1.73685E-1	+1.11760E-2
+3.30300E+0	-2.51163E-2	-1.64606E-1	+8.60918E-3
+3.31780E+0	-3.92981E-2	-1.64682E-1	+6.06027E-3
+3.33250E+0	-5.33763E-2	-1.74143E-1	+3.59701E-3
+3.34730E+0	-6.75396E-2	-1.63538E-1	+1.12190E-3
+3.36200E+0	-8.15937E-2	-1.66132E-1	-1.23305E-3
+3.37670E+0	-9.56316E-2	-1.53315E-1	-3.47327E-3
+3.39150E+0	-1.09746E-1	-1.45761E-1	-5.71739E-3
+3.40620E+0	-1.23743E-1	-1.36454E-1	-7.80165E-3
+3.42100E+0	-1.37810E-1	-1.31647E-1	-9.86060E-3
+3.43570E+0	-1.51755E-1	-1.43396E-1	-1.18208E-2
+3.45050E+0	-1.65764E-1	-1.36988E-1	-1.37090E-2
+3.46520E+0	-1.79646E-1	-1.30121E-1	-1.55250E-2
+3.48000E+0	-1.93586E-1	-1.16007E-1	-1.72304E-2
+3.49470E+0	-2.07393E-1	-1.03647E-1	-1.89018E-2
+3.50950E+0	-2.21252E-1	-9.89933E-2	-2.04611E-2
+3.52420E+0	-2.34974E-1	-1.00290E-1	-2.19681E-2
+3.53890E+0	-2.48649E-1	-1.15015E-1	-2.34200E-2
+3.55370E+0	-2.62367E-1	-1.08377E-1	-2.48518E-2
+3.56840E+0	-2.75940E-1	-9.89170E-2	-2.62194E-2
+3.58320E+0	-2.89551E-1	-7.83939E-2	-2.74962E-2
+3.59790E+0	-3.03011E-1	-6.64920E-2	-2.87176E-2
+3.61270E+0	-3.16502E-1	-5.90915E-2	-2.98592E-2
+3.62740E+0	-3.29839E-1	-6.54239E-2	-3.09682E-2
+3.64220E+0	-3.43201E-1	-7.92331E-2	-3.20437E-2
+3.65690E+0	-3.56404E-1	-8.48789E-2	-3.31159E-2
+3.67170E+0	-3.69625E-1	-7.93857E-2	-3.41242E-2
+3.68640E+0	-3.82683E-1	-5.93967E-2	-3.50593E-2
+3.70110E+0	-3.95666E-1	-5.95493E-2	-3.59380E-2
+3.71590E+0	-4.08657E-1	-5.40561E-2	-3.68146E-2
+3.73060E+0	-4.21479E-1	-5.07755E-2	-3.76315E-2
+3.74540E+0	-4.34303E-1	-4.23831E-2	-3.84088E-2
+3.76010E+0	-4.46955E-1	-4.16202E-2	-3.91497E-2
+3.77490E+0	-4.59602E-1	-4.40616E-2	-3.98604E-2
+3.78960E+0	-4.72073E-1	-3.83396E-2	-4.05305E-2
+3.80440E+0	-4.84534E-1	-4.44431E-2	-4.11718E-2
+3.81910E+0	-4.96814E-1	-3.46775E-2	-4.17796E-2
+3.83390E+0	-5.09078E-1	-4.26120E-2	-4.23748E-2
+3.84860E+0	-5.21157E-1	-3.25412E-2	-4.29303E-2
+3.86330E+0	-5.33133E-1	-3.72715E-2	-4.34581E-2
+3.87810E+0	-5.45084E-1	-3.12442E-2	-4.39650E-2
+3.89280E+0	-5.56845E-1	-2.53696E-2	-4.44553E-2
+3.90760E+0	-5.68574E-1	-2.46067E-2	-4.49161E-2
+3.92230E+0	-5.80111E-1	-2.06394E-2	-4.53558E-2
+3.93710E+0	-5.91610E-1	-1.83506E-2	-4.57842E-2
+3.95180E+0	-6.02914E-1	-2.51407E-2	-4.61916E-2
+3.96660E+0	-6.14173E-1	-3.22361E-2	-4.65815E-2
+3.98130E+0	-6.25234E-1	-3.96366E-2	-4.69287E-2
+3.99610E+0	-6.36244E-1	-3.55167E-2	-4.72586E-2
+4.01080E+0	-6.47054E-1	-1.54514E-2	-4.75927E-2
+4.02550E+0	-6.57734E-1	-3.70212E-3	-4.79301E-2
+4.04030E+0	-6.68356E-1	-1.63669E-2	-4.82544E-2
+4.05500E+0	-6.78773E-1	-2.75058E-2	-4.85309E-2
+4.06980E+0	-6.89124E-1	-1.80454E-2	-4.87975E-2
+4.08450E+0	-6.99268E-1	-1.50699E-2	-4.90794E-2
+4.09930E+0	-7.09340E-1	-2.44541E-2	-4.93266E-2
+4.11400E+0	-7.19204E-1	-1.56803E-2	-4.95655E-2
+4.12880E+0	-7.28990E-1	-1.08737E-2	-4.98085E-2
+4.14350E+0	-7.38564E-1	-2.06394E-2	-5.00281E-2
+4.15830E+0	-7.48056E-1	-1.37729E-2	-5.02524E-2
+4.17300E+0	-7.57334E-1	-1.39255E-2	-5.04519E-2
+4.18780E+0	-7.66524E-1	-1.12552E-2	-5.06534E-2
+4.20250E+0	-7.75498E-1	-1.63669E-2	-5.08422E-2
+4.21720E+0	-7.84319E-1	-1.18656E-2	-5.10267E-2
+4.23200E+0	-7.93042E-1	-1.23996E-2	-5.11982E-2
+4.24670E+0	-8.01548E-1	-1.10263E-2	-5.13703E-2
+4.26150E+0	-8.09951E-1	-8.05087E-3	-5.15350E-2
+4.27620E+0	-8.18136E-1	-1.41544E-2	-5.16928E-2
+4.29100E+0	-8.26213E-1	-1.21707E-2	-5.18432E-2
+4.30570E+0	-8.34070E-1	-5.07541E-3	-5.19886E-2
+4.32050E+0	-8.41814E-1	-1.19419E-2	-5.21226E-2
+4.33520E+0	-8.49337E-1	-7.66940E-3	-5.22624E-2
+4.35000E+0	-8.56741E-1	-9.34787E-3	-5.23903E-2
+4.36470E+0	-8.63925E-1	-6.60129E-3	-5.25135E-2
+4.37940E+0	-8.70936E-1	-2.48141E-3	-5.26250E-2
+4.39420E+0	-8.77821E-1	-9.95822E-3	-5.27336E-2
+4.40890E+0	-8.84484E-1	-7.21164E-3	-5.28501E-2
+4.42370E+0	-8.91015E-1	-5.76205E-3	-5.29535E-2
+4.43840E+0	-8.97325E-1	-8.58493E-3	-5.30566E-2
+4.45320E+0	-9.03497E-1	-5.22800E-3	-5.31494E-2
+4.46790E+0	-9.09447E-1	-7.66940E-3	-5.32459E-2
+4.48270E+0	-9.15256E-1	-2.63400E-3	-5.33324E-2
+4.49740E+0	-9.20842E-1	-9.88193E-3	-5.34183E-2
+4.51220E+0	-9.26283E-1	-6.75388E-3	-5.34938E-2
+4.52690E+0	-9.31501E-1	-3.54953E-3	-5.35810E-2
+4.54160E+0	-9.36535E-1	-2.78659E-3	-5.36530E-2
+4.55640E+0	-9.41415E-1	-5.38058E-3	-5.37249E-2
+4.57110E+0	-9.46074E-1	-6.98276E-3	-5.37901E-2
+4.58590E+0	-9.50575E-1	-9.80563E-3	-5.38510E-2
+4.60060E+0	-9.54857E-1	-1.33701E-3	-5.39164E-2
+4.61540E+0	-9.58976E-1	-2.93918E-3	-5.39756E-2
+4.63010E+0	-9.62876E-1	-8.89011E-3	-5.40309E-2
+4.64490E+0	-9.66609E-1	-4.92282E-3	-5.40832E-2
+4.65960E+0	-9.70124E-1	-5.74066E-4	-5.41297E-2
+4.67440E+0	-9.73469E-1	-5.60947E-3	-5.41809E-2
+4.68910E+0	-9.76597E-1	-5.38058E-3	-5.42221E-2
+4.70380E+0	-9.79531E-1	-8.35605E-3	-5.42669E-2
+4.71860E+0	-9.82289E-1	+2.93546E-3	-5.43045E-2
+4.73330E+0	-9.84832E-1	-1.26285E-2	-5.43503E-2
+4.74810E+0	-9.87195E-1	+2.24881E-3	-5.43904E-2
+4.76280E+0	-9.89345E-1	-5.30429E-3	-5.44118E-2
+4.77760E+0	-9.91311E-1	-2.63400E-3	-5.44381E-2
+4.79230E+0	-9.93066E-1	-8.89011E-3	-5.44606E-2
+4.80710E+0	-9.94634E-1	-8.43234E-3	-5.44883E-2
+4.82180E+0	-9.95993E-1	+2.32510E-3	-5.45072E-2
+4.83660E+0	-9.97162E-1	-5.22800E-3	-5.45324E-2
+4.85130E+0	-9.98124E-1	-4.00081E-5	-5.45423E-2
+4.86600E+0	-9.98888E-1	+2.65168E-4	-5.45543E-2
+4.88080E+0	-9.99456E-1	-3.45184E-4	-5.45697E-2
+4.89550E+0	-9.99822E-1	-5.74066E-4	-5.45728E-2
+4.91030E+0	-9.99989E-1	-2.17624E-3	-5.45861E-2
+4.92500E+0	-9.99956E-1	+4.17756E-4	-5.45900E-2
+4.93980E+0	-9.99722E-1	+1.18070E-3	-5.45926E-2
+4.95450E+0	-9.99290E-1	-3.62582E-3	-5.45959E-2
+4.96930E+0	-9.98655E-1	+4.69022E-3	-5.45980E-2
+4.98400E+0	-9.97825E-1	-4.77023E-3	-5.45998E-2
+4.99880E+0	-9.96790E-1	+2.09622E-3	-5.45967E-2
+5.01350E+0	-9.95562E-1	+4.69022E-3	-5.45982E-2
+5.02820E+0	-9.94137E-1	-1.02634E-2	-5.45936E-2
+5.04300E+0	-9.92503E-1	+2.55399E-3	-5.45935E-2
+5.05770E+0	-9.90682E-1	-9.55535E-4	-5.45881E-2
+5.07250E+0	-9.88650E-1	-1.18442E-3	-5.45847E-2
+5.08720E+0	-9.86434E-1	-6.90646E-3	-5.45731E-2
+5.10200E+0	-9.84006E-1	-4.00729E-3	-5.45727E-2
+5.11670E+0	-9.81398E-1	+1.50662E-2	-5.45609E-2
+5.13150E+0	-9.78575E-1	-1.74350E-2	-5.45439E-2
+5.14620E+0	-9.75576E-1	+6.90274E-3	-5.45296E-2
+5.16100E+0	-9.72361E-1	-6.21982E-3	-5.45242E-2
+5.17570E+0	-9.68974E-1	+4.53763E-3	-5.45110E-2
+5.19050E+0	-9.65369E-1	-9.55535E-4	-5.44961E-2
+5.20520E+0	-9.61597E-1	-2.09994E-3	-5.44786E-2
+5.21990E+0	-9.57633E-1	+2.70657E-3	-5.44606E-2
+5.23470E+0	-9.53451E-1	+4.38504E-3	-5.44394E-2
+5.24940E+0	-9.49106E-1	+1.33328E-3	-5.44169E-2
+5.26420E+0	-9.44542E-1	+1.63846E-3	-5.43946E-2
+5.27890E+0	-9.39820E-1	+2.70657E-3	-5.43681E-2
+5.29370E+0	-9.34878E-1	+4.07986E-3	-5.43420E-2
+5.30840E+0	-9.29782E-1	+4.23245E-3	-5.43061E-2
+5.32320E+0	-9.24465E-1	-8.02948E-4	-5.42765E-2
+5.33790E+0	-9.19000E-1	+2.40140E-3	-5.42440E-2
+5.35270E+0	-9.13314E-1	+4.23245E-3	-5.42082E-2
+5.36740E+0	-9.07484E-1	+2.09622E-3	-5.41706E-2
+5.38210E+0	-9.01473E-1	+2.55399E-3	-5.41285E-2
+5.39690E+0	-8.95241E-1	+2.78287E-3	-5.40868E-2
+5.41160E+0	-8.88873E-1	+7.13162E-3	-5.40400E-2
+5.42640E+0	-8.82283E-1	+3.54581E-3	-5.39898E-2
+5.44110E+0	-8.75561E-1	-5.74066E-4	-5.39385E-2
+5.45590E+0	-8.68618E-1	+4.38504E-3	-5.38871E-2
+5.47060E+0	-8.61549E-1	+7.05533E-3	-5.38302E-2
+5.48540E+0	-8.54259E-1	+7.81827E-3	-5.37698E-2
+5.50010E+0	-8.46848E-1	+6.52127E-3	-5.37085E-2
+5.51490E+0	-8.39217E-1	+2.40140E-3	-5.36416E-2
+5.52960E+0	-8.31470E-1	+5.52945E-3	-5.35684E-2
+5.54430E+0	-8.23557E-1	+1.33328E-3	-5.34936E-2
+5.55910E+0	-8.15426E-1	+8.19974E-3	-5.34162E-2
+5.57380E+0	-8.07187E-1	+8.42862E-3	-5.33410E-2
+5.58860E+0	-7.98730E-1	+1.63846E-3	-5.32504E-2
+5.60330E+0	-7.90171E-1	+6.75015E-3	-5.31567E-2
+5.61810E+0	-7.81396E-1	+1.01071E-2	-5.30618E-2
+5.63280E+0	-7.72524E-1	+6.21610E-3	-5.29651E-2
+5.64760E+0	-7.63436E-1	+8.65750E-3	-5.28621E-2
+5.66230E+0	-7.54258E-1	+8.50491E-3	-5.27535E-2
+5.67710E+0	-7.44866E-1	+1.07174E-2	-5.26363E-2
+5.69180E+0	-7.35389E-1	+1.01071E-2	-5.25159E-2
+5.70650E+0	-7.25766E-1	+6.97903E-3	-5.23881E-2
+5.72130E+0	-7.15932E-1	+8.19974E-3	-5.22610E-2
+5.73600E+0	-7.06021E-1	+6.97903E-3	-5.21143E-2
+5.75080E+0	-6.95902E-1	+1.26248E-2	-5.19678E-2
+5.76550E+0	-6.85712E-1	+1.15567E-2	-5.18143E-2
+5.78030E+0	-6.75315E-1	+8.96268E-3	-5.16548E-2
+5.79500E+0	-6.64854E-1	+1.49136E-2	-5.14804E-2
+5.80980E+0	-6.54189E-1	+1.39981E-2	-5.13054E-2
+5.82450E+0	-6.43465E-1	+8.19974E-3	-5.11126E-2
+5.83930E+0	-6.32539E-1	+8.96268E-3	-5.09035E-2
+5.85400E+0	-6.21560E-1	+1.77365E-2	-5.06931E-2
+5.86870E+0	-6.10459E-1	+2.13223E-2	-5.04748E-2
+5.88350E+0	-5.99159E-1	+1.97964E-2	-5.02474E-2
+5.89820E+0	-5.87816E-1	+1.53714E-2	-5.00007E-2
+5.91300E+0	-5.76278E-1	+1.05649E-2	-4.97444E-2
+5.92770E+0	-5.64704E-1	+1.09463E-2	-4.94651E-2
+5.94250E+0	-5.52937E-1	+1.45321E-2	-4.91656E-2
+5.95720E+0	-5.41139E-1	+2.29245E-2	-4.88554E-2
+5.97200E+0	-5.29153E-1	+3.45974E-2	-4.85359E-2
+5.98670E+0	-5.17142E-1	+4.28372E-2	-4.82068E-2
+6.00150E+0	-5.04946E-1	+4.25320E-2	-4.78565E-2
+6.01620E+0	-4.92731E-1	+3.63522E-2	-4.74747E-2
+6.03100E+0	-4.80335E-1	+3.45974E-2	-4.70637E-2
+6.04570E+0	-4.67926E-1	+3.55893E-2	-4.66405E-2
+6.06040E+0	-4.55425E-1	+4.30661E-2	-4.61858E-2
+6.07520E+0	-4.42747E-1	+3.72677E-2	-4.56903E-2
+6.08990E+0	-4.30067E-1	+4.20742E-2	-4.51794E-2
+6.10470E+0	-4.17214E-1	+4.04721E-2	-4.46356E-2
+6.11940E+0	-4.04365E-1	+3.97854E-2	-4.40548E-2
+6.13420E+0	-3.91347E-1	+4.31424E-2	-4.34290E-2
+6.14890E+0	-3.78339E-1	+4.36001E-2	-4.27921E-2
+6.16370E+0	-3.65167E-1	+5.33658E-2	-4.21085E-2
+6.17840E+0	-3.52011E-1	+4.94748E-2	-4.13806E-2
+6.19320E+0	-3.38695E-1	+5.67227E-2	-4.05946E-2
+6.20790E+0	-3.25401E-1	+5.07718E-2	-3.97857E-2
+6.22260E+0	-3.12043E-1	+5.16873E-2	-3.89275E-2
+6.23740E+0	-2.98531E-1	+5.96219E-2	-3.80197E-2
+6.25210E+0	-2.85051E-1	+6.46573E-2	-3.70703E-2
+6.26690E+0	-2.71422E-1	+7.79324E-2	-3.60493E-2
+6.28160E+0	-2.57831E-1	+7.97635E-2	-3.49785E-2
+6.29640E+0	-2.44096E-1	+9.02920E-2	-3.38109E-2
+6.31110E+0	-2.30405E-1	+9.85318E-2	-3.26058E-2
+6.32590E+0	-2.16575E-1	+9.83792E-2	-3.13008E-2
+6.34060E+0	-2.02795E-1	+8.76980E-2	-2.99591E-2
+6.35540E+0	-1.88880E-1	+7.47281E-2	-2.85569E-2
+6.37010E+0	-1.75022E-1	+8.32730E-2	-2.71078E-2
+6.38480E+0	-1.61129E-1	+8.37307E-2	-2.55699E-2
+6.39960E+0	-1.47110E-1	+1.02346E-1	-2.39193E-2
+6.41430E+0	-1.33156E-1	+1.16385E-1	-2.21980E-2
+6.42910E+0	-1.19080E-1	+1.34008E-1	-2.02593E-2
+6.44380E+0	-1.05075E-1	+1.40265E-1	-1.82337E-2
+6.45860E+0	-9.09542E-2	+1.37747E-1	-1.60691E-2
+6.47330E+0	-7.69106E-2	+1.56057E-1	-1.38132E-2
+6.48810E+0	-6.27561E-2	+1.54837E-1	-1.14204E-2
+6.50280E+0	-4.86846E-2	+1.67578E-1	-8.91245E-3
+6.51760E+0	-3.45077E-2	+1.82989E-1	-6.39148E-3
+6.53230E+0	-2.04197E-2	+1.81692E-1	-3.77850E-3
+6.54700E+0	-6.32763E-3	+1.77267E-1	-1.14612E-3
+6.56180E+0	+7.86157E-3	+1.57812E-1	+1.49210E-3
+6.57650E+0	+2.19533E-2	+1.80319E-1	+4.09569E-3
+6.59130E+0	+3.61366E-2	+1.72689E-1	+6.65844E-3
+6.60600E+0	+5.02167E-2	+1.73758E-1	+9.27165E-3
+6.62080E+0	+6.43826E-2	+1.77496E-1	+1.17736E-2
+6.63550E+0	+7.84400E-2	+1.63305E-1	+1.42492E-2
+6.65030E+0	+9.25772E-2	+1.62542E-1	+1.66490E-2
+6.66500E+0	+1.06600E-1	+1.46444E-1	+1.89284E-2
+6.67980E+0	+1.20698E-1	+1.40799E-1	+2.11463E-2
+6.69450E+0	+1.34676E-1	+1.34848E-1	+2.32620E-2
+6.70920E+0	+1.48627E-1	+1.47207E-1	+2.53347E-2
+6.72400E+0	+1.62643E-1	+1.39654E-1	+2.72957E-2
+6.73870E+0	+1.76532E-1	+1.32788E-1	+2.92134E-2
+6.75350E+0	+1.90481E-1	+1.20047E-1	+3.10387E-2
+6.76820E+0	+2.04297E-1	+1.04635E-1	+3.27358E-2
+6.78300E+0	+2.18166E-1	+9.75399E-2	+3.43689E-2
+6.79770E+0	+2.31898E-1	+1.00592E-1	+3.59114E-2
+6.81250E+0	+2.45676E-1	+1.12036E-1	+3.74535E-2
+6.82720E+0	+2.59313E-1	+1.15316E-1	+3.89081E-2
+6.84200E+0	+2.72990E-1	+1.03262E-1	+4.03526E-2
+6.85670E+0	+2.86521E-1	+8.52566E-2	+4.16893E-2
+6.87140E+0	+2.99995E-1	+6.67935E-2	+4.29395E-2
+6.88620E+0	+3.13500E-1	+7.01504E-2	+4.41293E-2
+6.90090E+0	+3.26851E-1	+7.19815E-2	+4.52760E-2
+6.91570E+0	+3.40228E-1	+8.52566E-2	+4.64219E-2
+6.93040E+0	+3.53446E-1	+8.22049E-2	+4.75027E-2
+6.94520E+0	+3.66684E-1	+7.48044E-2	+4.85518E-2
+6.95990E+0	+3.79759E-1	+6.44284E-2	+4.95215E-2
+6.97470E+0	+3.92846E-1	+6.38943E-2	+5.04646E-2
+6.98940E+0	+4.05767E-1	+5.79434E-2	+5.13244E-2
+7.00420E+0	+4.18695E-1	+5.19162E-2	+5.21720E-2
+7.01890E+0	+4.31451E-1	+4.37527E-2	+5.29560E-2
+7.03370E+0	+4.44208E-1	+4.62704E-2	+5.37266E-2
+7.04840E+0	+4.56790E-1	+4.12350E-2	+5.44334E-2
+7.06310E+0	+4.69282E-1	+3.97091E-2	+5.51349E-2
+7.07790E+0	+4.81764E-1	+3.83358E-2	+5.57860E-2
+7.09260E+0	+4.94066E-1	+3.55130E-2	+5.64207E-2
+7.10740E+0	+5.06352E-1	+3.50552E-2	+5.70025E-2
+7.12210E+0	+5.18454E-1	+3.00198E-2	+5.75754E-2
+7.13690E+0	+5.30535E-1	+3.03250E-2	+5.81207E-2
+7.15160E+0	+5.42429E-1	+2.58999E-2	+5.86344E-2
+7.16640E+0	+5.54294E-1	+2.45266E-2	+5.91330E-2
+7.18110E+0	+5.65969E-1	+2.20852E-2	+5.96061E-2
+7.19590E+0	+5.77610E-1	+2.55948E-2	+6.00594E-2
+7.21060E+0	+5.89057E-1	+2.88754E-2	+6.04909E-2
+7.22530E+0	+6.00386E-1	+3.48263E-2	+6.08810E-2
+7.24010E+0	+6.11673E-1	+3.95565E-2	+6.12586E-2
+7.25480E+0	+6.22761E-1	+3.06302E-2	+6.16064E-2
+7.26960E+0	+6.33800E-1	+1.58291E-2	+6.19572E-2
+7.28430E+0	+6.44638E-1	+5.91092E-3	+6.23044E-2
+7.29910E+0	+6.55420E-1	+1.52188E-2	+6.26404E-2
+7.31380E+0	+6.65999E-1	+3.22323E-2	+6.29411E-2
+7.32860E+0	+6.76516E-1	+2.84939E-2	+6.32133E-2
+7.34330E+0	+6.86828E-1	+1.26248E-2	+6.34985E-2
+7.35810E+0	+6.97071E-1	+1.74313E-2	+6.37736E-2
+7.37280E+0	+7.07107E-1	+2.28482E-2	+6.40163E-2
+7.38750E+0	+7.17002E-1	+1.46084E-2	+6.42547E-2
+7.40230E+0	+7.26820E-1	+1.92624E-2	+6.44925E-2
+7.41700E+0	+7.36428E-1	+1.38455E-2	+6.47090E-2
+7.43180E+0	+7.45952E-1	+1.37692E-2	+6.49315E-2
+7.44650E+0	+7.55264E-1	+1.58291E-2	+6.51260E-2
+7.46130E+0	+7.64488E-1	+9.34415E-3	+6.53264E-2
+7.47600E+0	+7.73497E-1	+1.41507E-2	+6.55094E-2
+7.49080E+0	+7.82412E-1	+1.24722E-2	+6.57031E-2
+7.50550E+0	+7.91111E-1	+1.16330E-2	+6.58620E-2
+7.52030E+0	+7.99710E-1	+1.16330E-2	+6.60255E-2
+7.53500E+0	+8.08092E-1	+8.58121E-3	+6.61795E-2
+7.54970E+0	+8.16313E-1	+1.19381E-2	+6.63251E-2
+7.56450E+0	+8.24427E-1	+9.34415E-3	+6.64757E-2
+7.57920E+0	+8.32321E-1	+8.65750E-3	+6.66102E-2
+7.59400E+0	+8.40102E-1	+7.74197E-3	+6.67395E-2
+7.60870E+0	+8.47663E-1	+1.18618E-2	+6.68659E-2
+7.62350E+0	+8.55105E-1	+7.74197E-3	+6.69961E-2
+7.63820E+0	+8.62327E-1	+7.28421E-3	+6.71053E-2
+7.65300E+0	+8.69425E-1	+5.75833E-3	+6.72230E-2
+7.66770E+0	+8.76301E-1	+2.17252E-3	+6.73234E-2
+7.68250E+0	+8.83049E-1	+9.11527E-3	+6.74246E-2
+7.69720E+0	+8.89574E-1	+1.06411E-2	+6.75220E-2
+7.71190E+0	+8.95924E-1	+8.04715E-3	+6.76153E-2
+7.72670E+0	+9.02136E-1	+5.37686E-3	+6.77059E-2
+7.74140E+0	+9.08127E-1	+4.84280E-3	+6.77890E-2
+7.75620E+0	+9.13976E-1	+9.87820E-3	+6.78686E-2
+7.77090E+0	+9.19604E-1	+5.07169E-3	+6.79440E-2
+7.78570E+0	+9.25086E-1	+6.46637E-4	+6.80171E-2
+7.80040E+0	+9.30346E-1	+5.98721E-3	+6.80958E-2
+7.81520E+0	+9.35455E-1	+4.46133E-3	+6.81572E-2
+7.82990E+0	+9.40343E-1	+2.40140E-3	+6.82237E-2
+7.84470E+0	+9.45076E-1	+2.85916E-3	+6.82768E-2
+7.85940E+0	+9.49588E-1	+2.85916E-3	+6.83312E-2
+7.87420E+0	+9.53941E-1	+1.94363E-3	+6.83926E-2
+7.88890E+0	+9.58074E-1	-4.00081E-5	+6.84450E-2
+7.90360E+0	+9.62017E-1	+8.35233E-3	+6.84888E-2
+7.91840E+0	+9.65793E-1	+3.16434E-3	+6.85371E-2
+7.93310E+0	+9.69352E-1	+5.70343E-4	+6.85786E-2
+7.94790E+0	+9.72740E-1	+6.59757E-3	+6.86223E-2
+7.96260E+0	+9.75912E-1	+3.62210E-3	+6.86621E-2
+7.97740E+0	+9.78909E-1	+4.69022E-3	+6.86969E-2
+7.99210E+0	+9.81691E-1	+5.60574E-3	+6.87204E-2
+8.00690E+0	+9.84295E-1	-2.93918E-3	+6.87614E-2
+8.02160E+0	+9.86685E-1	-5.76205E-3	+6.87793E-2
+8.03640E+0	+9.88893E-1	-2.93918E-3	+6.88023E-2
+8.05110E+0	+9.90890E-1	+5.60574E-3	+6.88261E-2
+8.06580E+0	+9.92689E-1	-2.93918E-3	+6.88381E-2
+8.08060E+0	+9.94302E-1	+1.33328E-3	+6.88532E-2
+8.09530E+0	+9.95706E-1	+3.62859E-5	+6.88674E-2
+8.11010E+0	+9.96919E-1	+4.69022E-3	+6.88871E-2
+8.12480E+0	+9.97925E-1	+7.99225E-4	+6.88851E-2
+8.13960E+0	+9.98738E-1	-2.32883E-3	+6.88930E-2
+8.15430E+0	+9.99347E-1	-1.41330E-3	+6.88983E-2
+8.16910E+0	+9.99759E-1	-4.00081E-5	+6.88925E-2
+8.18380E+0	+9.99969E-1	-1.56589E-3	+6.89022E-2
+8.19860E+0	+9.99980E-1	+6.46637E-4	+6.88962E-2
+8.21330E+0	+9.99791E-1	-4.21478E-4	+6.88852E-2
+8.22800E+0	+9.99404E-1	-1.56589E-3	+6.88859E-2
+8.24280E+0	+9.98814E-1	-2.78659E-3	+6.88748E-2
+8.25750E+0	+9.98029E-1	-2.02365E-3	+6.88726E-2
+8.27230E+0	+9.97038E-1	+4.15616E-3	+6.88615E-2
+8.28700E+0	+9.95855E-1	-1.92596E-4	+6.88502E-2
+8.30180E+0	+9.94464E-1	-1.26071E-3	+6.88471E-2
+8.31650E+0	+9.92885E-1	-4.97772E-4	+6.88292E-2
+8.33130E+0	+9.91095E-1	-1.26071E-3	+6.88198E-2
+8.34600E+0	+9.89120E-1	-1.18442E-3	+6.88044E-2
+8.36080E+0	+9.86933E-1	-4.31247E-3	+6.87929E-2
+8.37550E+0	+9.84564E-1	-4.31247E-3	+6.87769E-2
+8.39020E+0	+9.82000E-1	-7.44052E-3	+6.87508E-2
+8.40500E+0	+9.79221E-1	+8.42862E-3	+6.87495E-2
+8.41970E+0	+9.76266E-1	+2.85916E-3	+6.87141E-2
+8.43450E+0	+9.73095E-1	+3.62210E-3	+6.87024E-2
+8.44920E+0	+9.69751E-1	-3.85471E-3	+6.86790E-2
+8.46400E+0	+9.66190E-1	+5.70343E-4	+6.86554E-2
+8.47870E+0	+9.62460E-1	+8.75519E-4	+6.86268E-2
+8.49350E+0	+9.58512E-1	-3.16806E-3	+6.86011E-2
+8.50820E+0	+9.54400E-1	-2.02365E-3	+6.85743E-2
+8.52300E+0	+9.50068E-1	-1.41330E-3	+6.85434E-2
+8.53770E+0	+9.45576E-1	+4.94050E-4	+6.85088E-2
+8.55240E+0	+9.40896E-1	-1.92596E-4	+6.84761E-2
+8.56720E+0	+9.35996E-1	-1.16302E-4	+6.84404E-2
+8.58190E+0	+9.30942E-1	-5.91464E-3	+6.84034E-2
+8.59670E+0	+9.25667E-1	-3.39694E-3	+6.83581E-2
+8.61140E+0	+9.20243E-1	-2.78659E-3	+6.83196E-2
+8.62620E+0	+9.14598E-1	-4.15988E-3	+6.82727E-2
+8.64090E+0	+9.08808E-1	-6.44870E-3	+6.82285E-2
+8.65570E+0	+9.02797E-1	-5.53317E-3	+6.81819E-2
+8.67040E+0	+8.96646E-1	-5.53317E-3	+6.81310E-2
+8.68520E+0	+8.90274E-1	-5.68576E-3	+6.80774E-2
+8.69990E+0	+8.83767E-1	-6.60129E-3	+6.80229E-2
+8.71460E+0	+8.77085E-1	-5.07541E-3	+6.79606E-2
+8.72940E+0	+8.70181E-1	-2.48141E-3	+6.79009E-2
+8.74410E+0	+8.63151E-1	-4.61764E-3	+6.78362E-2
+8.75890E+0	+8.55900E-1	-5.53317E-3	+6.77707E-2
+8.77360E+0	+8.48526E-1	-6.44870E-3	+6.76972E-2
+8.78840E+0	+8.40933E-1	-9.19528E-3	+6.76237E-2
+8.80310E+0	+8.33223E-1	-5.38058E-3	+6.75458E-2
+8.81790E+0	+8.25294E-1	-1.08737E-2	+6.74648E-2
+8.83260E+0	+8.17253E-1	-4.23618E-3	+6.73782E-2
+8.84740E+0	+8.08994E-1	-5.83835E-3	+6.72877E-2
+8.86210E+0	+8.00630E-1	-7.59311E-3	+6.71993E-2
+8.87690E+0	+7.92048E-1	-4.08359E-3	+6.70988E-2
+8.89160E+0	+7.83366E-1	-4.46506E-3	+6.69937E-2
+8.90630E+0	+7.74529E-1	-9.04269E-3	+6.68875E-2
+8.92110E+0	+7.65476E-1	-9.34787E-3	+6.67736E-2
+8.93580E+0	+7.56331E-1	-9.72934E-3	+6.66576E-2
+8.95060E+0	+7.46973E-1	-7.59311E-3	+6.65311E-2
+8.96530E+0	+7.37529E-1	-6.75388E-3	+6.64020E-2
+8.98010E+0	+7.27873E-1	-1.11789E-2	+6.62710E-2
+8.99480E+0	+7.18137E-1	-1.01108E-2	+6.61225E-2
+9.00960E+0	+7.08191E-1	-1.07212E-2	+6.59813E-2
+9.02430E+0	+6.98170E-1	-1.43070E-2	+6.58209E-2
+9.03910E+0	+6.87942E-1	-1.02634E-2	+6.56569E-2
+9.05380E+0	+6.77645E-1	-1.60617E-2	+6.54938E-2
+9.06850E+0	+6.67214E-1	-6.60129E-3	+6.53083E-2
+9.08330E+0	+6.56578E-1	-1.41544E-2	+6.51169E-2
+9.09800E+0	+6.45883E-1	-1.41544E-2	+6.49227E-2
+9.11280E+0	+6.34986E-1	-1.65195E-2	+6.47264E-2
+9.12750E+0	+6.24036E-1	-1.28574E-2	+6.45062E-2
+9.14230E+0	+6.12886E-1	-1.34677E-2	+6.42737E-2
+9.15700E+0	+6.01689E-1	-1.59091E-2	+6.40263E-2
+9.17180E+0	+5.90295E-1	-2.02579E-2	+6.37796E-2
+9.18650E+0	+5.78861E-1	-2.44541E-2	+6.35232E-2
+9.20130E+0	+5.67233E-1	-2.24704E-2	+6.32475E-2
+9.21600E+0	+5.55570E-1	-1.59091E-2	+6.29549E-2
+9.23070E+0	+5.43797E-1	-9.50046E-3	+6.26394E-2
+9.24550E+0	+5.31835E-1	-4.38876E-3	+6.22975E-2
+9.26020E+0	+5.19847E-1	-6.52499E-3	+6.19396E-2
+9.27500E+0	+5.07674E-1	-1.54514E-2	+6.15654E-2
+9.28970E+0	+4.95482E-1	-2.33860E-2	+6.11867E-2
+9.30450E+0	+4.83107E-1	-2.81925E-2	+6.07847E-2
+9.31920E+0	+4.70720E-1	-3.00998E-2	+6.03486E-2
+9.33400E+0	+4.58154E-1	-2.63614E-2	+5.98906E-2
+9.34870E+0	+4.45582E-1	-3.24649E-2	+5.94102E-2
+9.36350E+0	+4.32835E-1	-2.86502E-2	+5.88964E-2
+9.37820E+0	+4.20087E-1	-3.22361E-2	+5.83524E-2
+9.39290E+0	+4.07256E-1	-3.58219E-2	+5.77875E-2
+9.40770E+0	+3.94256E-1	-4.20017E-2	+5.71751E-2
+9.42240E+0	+3.81266E-1	-4.61216E-2	+5.65263E-2
+9.43720E+0	+3.68110E-1	-4.71134E-2	+5.58341E-2
+9.45190E+0	+3.54970E-1	-4.98600E-2	+5.50983E-2
+9.46670E+0	+3.41670E-1	-5.32932E-2	+5.43358E-2
+9.48140E+0	+3.28391E-1	-5.80997E-2	+5.35072E-2
+9.49620E+0	+3.14956E-1	-6.77890E-2	+5.26451E-2
+9.51090E+0	+3.01549E-1	-7.23667E-2	+5.17224E-2
+9.52570E+0	+2.87990E-1	-7.20615E-2	+5.07614E-2
+9.54040E+0	+2.74466E-1	-6.82468E-2	+4.97392E-2
+9.55510E+0	+2.60887E-1	-6.25247E-2	+4.86690E-2
+9.56990E+0	+2.47163E-1	-6.79416E-2	+4.75697E-2
+9.58460E+0	+2.33483E-1	-6.96201E-2	+4.63851E-2
+9.59940E+0	+2.19662E-1	-7.79361E-2	+4.51576E-2
+9.61410E+0	+2.05892E-1	-9.57126E-2	+4.38530E-2
+9.62890E+0	+1.91986E-1	-1.19440E-1	+4.24677E-2
+9.64360E+0	+1.78136E-1	-1.26078E-1	+4.09659E-2
+9.65840E+0	+1.64157E-1	-1.29358E-1	+3.93638E-2
+9.67310E+0	+1.50238E-1	-1.24704E-1	+3.77383E-2
+9.68790E+0	+1.36196E-1	-1.22110E-1	+3.59418E-2
+9.70260E+0	+1.22220E-1	-1.23484E-1	+3.41209E-2
+9.71740E+0	+1.08126E-1	-1.28748E-1	+3.21606E-2
+9.73210E+0	+9.41045E-2	-1.48661E-1	+3.01149E-2
+9.74680E+0	+8.00647E-2	-1.55985E-1	+2.78550E-2
+9.76160E+0	+6.59134E-2	-1.68421E-1	+2.54834E-2
+9.77630E+0	+5.18445E-2	-1.68650E-1	+2.30563E-2
+9.79110E+0	+3.76695E-2	-1.72846E-1	+2.05376E-2
+9.80580E+0	+2.35828E-2	-1.65445E-1	+1.80809E-2
+9.82060E+0	+9.39549E-3	-1.62241E-1	+1.55017E-2
+9.83530E+0	-4.69780E-3	-1.76050E-1	+1.29711E-2
+9.85010E+0	-1.88860E-2	-1.78263E-1	+1.03769E-2
+9.86480E+0	-3.29746E-2	-1.83451E-1	+7.80942E-3
+9.87960E+0	-4.71524E-2	-1.67582E-1	+5.29398E-3
+9.89430E+0	-6.12250E-2	-1.56900E-1	+2.79794E-3
+9.90900E+0	-7.52855E-2	-1.50034E-1	+4.53022E-4
+9.92380E+0	-8.94265E-2	-1.48355E-1	-1.86540E-3
+9.93850E+0	-1.03454E-1	-1.54764E-1	-4.07005E-3
+9.95330E+0	-1.17556E-1	-1.45838E-1	-6.26962E-3
+9.96800E+0	-1.31540E-1	-1.44770E-1	-8.38438E-3
+9.98280E+0	-1.45592E-1	-1.28977E-1	-1.03511E-2
+9.99750E+0	-1.59521E-1	-1.08377E-1	-1.22855E-2
+1.00123E+1	-1.73512E-1	-1.08072E-1	-1.40970E-2
+1.00270E+1	-1.87374E-1	-1.07691E-1	-1.58482E-2
+1.00418E+1	-2.01292E-1	-1.20737E-1	-1.75293E-2
+1.00565E+1	-2.15077E-1	-1.14405E-1	-1.91612E-2
+1.00712E+1	-2.28819E-1	-1.09980E-1	-2.07354E-2
+1.00860E+1	-2.42608E-1	-9.22031E-2	-2.22097E-2
+1.01007E+1	-2.56256E-1	-7.79361E-2	-2.36311E-2
+1.01155E+1	-2.69945E-1	-7.91568E-2	-2.49558E-2
+1.01302E+1	-2.83488E-1	-9.01432E-2	-2.62533E-2
+1.01450E+1	-2.97066E-1	-1.06241E-1	-2.75172E-2
+1.01597E+1	-3.10494E-1	-9.83829E-2	-2.87725E-2
+1.01745E+1	-3.23950E-1	-7.74021E-2	-2.99577E-2
+1.01892E+1	-3.37251E-1	-5.77182E-2	-3.10313E-2
+1.02040E+1	-3.50575E-1	-5.32169E-2	-3.20707E-2
+1.02187E+1	-3.63738E-1	-6.21433E-2	-3.30393E-2
+1.02334E+1	-3.76830E-1	-6.35929E-2	-3.40038E-2
+1.02482E+1	-3.89935E-1	-6.22959E-2	-3.49151E-2
+1.02629E+1	-4.02873E-1	-5.71079E-2	-3.58039E-2
+1.02777E+1	-4.15819E-1	-5.45139E-2	-3.66443E-2
+1.02924E+1	-4.28595E-1	-5.60398E-2	-3.74488E-2
+1.03072E+1	-4.41371E-1	-5.15384E-2	-3.81972E-2
+1.03219E+1	-4.53973E-1	-5.01651E-2	-3.89401E-2
+1.03367E+1	-4.66570E-1	-5.56583E-2	-3.96241E-2
+1.03514E+1	-4.78989E-1	-4.46720E-2	-4.02905E-2
+1.03662E+1	-4.91396E-1	-5.39798E-2	-4.08955E-2
+1.03809E+1	-5.03621E-1	-4.32987E-2	-4.15130E-2
+1.03956E+1	-5.15746E-1	-4.82578E-2	-4.20726E-2
+1.04104E+1	-5.27851E-1	-3.98654E-2	-4.26202E-2
+1.04251E+1	-5.39768E-1	-4.51297E-2	-4.31287E-2
+1.04399E+1	-5.51658E-1	-3.25412E-2	-4.36240E-2
+1.04546E+1	-5.63358E-1	-3.42197E-2	-4.40913E-2
+1.04694E+1	-5.75024E-1	-2.37674E-2	-4.45363E-2
+1.04841E+1	-5.86497E-1	-1.83506E-2	-4.49631E-2
+1.04989E+1	-5.97930E-1	-2.09445E-2	-4.53892E-2
+1.05136E+1	-6.09167E-1	-2.00290E-2	-4.57806E-2
+1.05284E+1	-6.20358E-1	-2.94895E-2	-4.61687E-2
+1.05431E+1	-6.31350E-1	-3.71189E-2	-4.65056E-2
+1.05578E+1	-6.42216E-1	-3.36856E-2	-4.68273E-2
+1.05726E+1	-6.53028E-1	-1.63669E-2	-4.71560E-2
+1.05873E+1	-6.63636E-1	-5.38058E-3	-4.74874E-2
+1.06021E+1	-6.74183E-1	-1.59091E-2	-4.77954E-2
+1.06168E+1	-6.84525E-1	-2.44541E-2	-4.80529E-2
+1.06316E+1	-6.94799E-1	-1.20945E-2	-4.83260E-2
+1.06463E+1	-7.04866E-1	-1.37729E-2	-4.85985E-2
+1.06611E+1	-7.14860E-1	-2.32334E-2	-4.88474E-2
+1.06758E+1	-7.24644E-1	-1.32389E-2	-4.90814E-2
+1.06906E+1	-7.34349E-1	-2.06394E-2	-4.93183E-2
+1.07053E+1	-7.43842E-1	-1.53751E-2	-4.95309E-2
+1.07201E+1	-7.53250E-1	-1.29337E-2	-4.97475E-2
+1.07348E+1	-7.62444E-1	-1.33152E-2	-4.99432E-2
+1.07495E+1	-7.71488E-1	-1.20182E-2	-5.01449E-2
+1.07643E+1	-7.80438E-1	-9.80563E-3	-5.03196E-2
+1.07790E+1	-7.89172E-1	-1.09500E-2	-5.05043E-2
+1.07938E+1	-7.97806E-1	-9.11899E-3	-5.06757E-2
+1.08085E+1	-8.06224E-1	-1.62906E-2	-5.08399E-2
+1.08233E+1	-8.14537E-1	-1.22470E-2	-5.10061E-2
+1.08380E+1	-8.22632E-1	-1.07975E-2	-5.11527E-2
+1.08528E+1	-8.30616E-1	-1.08737E-2	-5.13037E-2
+1.08675E+1	-8.38382E-1	-1.08737E-2	-5.14466E-2
+1.08823E+1	-8.46031E-1	-5.53317E-3	-5.15856E-2
+1.08970E+1	-8.53461E-1	-8.96640E-3	-5.17046E-2
+1.09117E+1	-8.60721E-1	-1.04160E-2	-5.18376E-2
+1.09265E+1	-8.67857E-1	-5.68576E-3	-5.19533E-2
+1.09412E+1	-8.74773E-1	-1.01871E-2	-5.20682E-2
+1.09560E+1	-8.81559E-1	-5.07541E-3	-5.21849E-2
+1.09707E+1	-8.88125E-1	-5.99094E-3	-5.22888E-2
+1.09855E+1	-8.94557E-1	-6.75388E-3	-5.23905E-2
+1.10002E+1	-9.00767E-1	-4.15988E-3	-5.24873E-2
+1.10150E+1	-9.06838E-1	-8.27975E-3	-5.25846E-2
+1.10297E+1	-9.12688E-1	-5.53317E-3	-5.26752E-2
+1.10445E+1	-9.18395E-1	-5.99094E-3	-5.27595E-2
+1.10592E+1	-9.23880E-1	-6.29611E-3	-5.28442E-2
+1.10739E+1	-9.29181E-1	-8.73752E-3	-5.29228E-2
+1.10887E+1	-9.34332E-1	-5.68576E-3	-5.29961E-2
+1.11034E+1	-9.39262E-1	-3.85471E-3	-5.30712E-2
+1.11182E+1	-9.44037E-1	-4.97772E-4	-5.31359E-2
+1.11329E+1	-9.48592E-1	-9.55535E-4	-5.32051E-2
+1.11477E+1	-9.52987E-1	-5.53317E-3	-5.32652E-2
+1.11624E+1	-9.57163E-1	-1.10812E-3	-5.33292E-2
+1.11772E+1	-9.61175E-1	-7.51681E-3	-5.33810E-2
+1.11919E+1	-9.64968E-1	-2.40512E-3	-5.34322E-2
+1.12067E+1	-9.68594E-1	-2.17624E-3	-5.34805E-2
+1.12214E+1	-9.72002E-1	-6.37241E-3	-5.35324E-2
+1.12361E+1	-9.75217E-1	-2.02365E-3	-5.35786E-2
+1.12509E+1	-9.78258E-1	-4.31247E-3	-5.36244E-2
+1.12656E+1	-9.81083E-1	-8.89011E-3	-5.36616E-2
+1.12804E+1	-9.83731E-1	+3.85098E-3	-5.36996E-2
+1.12951E+1	-9.86165E-1	-8.50864E-3	-5.37358E-2
+1.13099E+1	-9.88418E-1	-5.38058E-3	-5.37674E-2
+1.13246E+1	-9.90459E-1	+1.63846E-3	-5.37960E-2
+1.13394E+1	-9.92314E-1	-3.77841E-3	-5.38228E-2
+1.13541E+1	-9.93960E-1	-2.48141E-3	-5.38478E-2
+1.13689E+1	-9.95417E-1	-6.60129E-3	-5.38701E-2
+1.13836E+1	-9.96666E-1	+2.55399E-3	-5.38906E-2
+1.13983E+1	-9.97717E-1	+5.70343E-4	-5.39111E-2
+1.14131E+1	-9.98574E-1	-2.09994E-3	-5.39194E-2
+1.14278E+1	-9.99228E-1	+3.69840E-3	-5.39363E-2
+1.14426E+1	-9.99685E-1	-2.17624E-3	-5.39425E-2
+1.14573E+1	-9.99939E-1	+3.01175E-3	-5.39548E-2
+1.14721E+1	-9.99995E-1	-2.78659E-3	-5.39569E-2
+1.14868E+1	-9.99851E-1	+1.18070E-3	-5.39615E-2
+1.15016E+1	-9.99506E-1	+1.33328E-3	-5.39645E-2
+1.15163E+1	-9.98963E-1	-3.77841E-3	-5.39610E-2
+1.15311E+1	-9.98217E-1	+4.23245E-3	-5.39665E-2
+1.15458E+1	-9.97276E-1	-5.53317E-3	-5.39686E-2
+1.15606E+1	-9.96129E-1	+1.18070E-3	-5.39697E-2
+1.15753E+1	-9.94792E-1	+3.39322E-3	-5.39689E-2
+1.15900E+1	-9.93256E-1	-6.14352E-3	-5.39636E-2
+1.16048E+1	-9.91511E-1	+2.78287E-3	-5.39608E-2
+1.16195E+1	-9.89581E-1	-3.47324E-3	-5.39513E-2
+1.16343E+1	-9.87438E-1	+1.18070E-3	-5.39456E-2
+1.16490E+1	-9.85113E-1	+2.63028E-3	-5.39358E-2
+1.16638E+1	-9.82575E-1	-9.34787E-3	-5.39292E-2
+1.16785E+1	-9.79858E-1	+1.25485E-2	-5.39298E-2
+1.16933E+1	-9.76926E-1	-1.64432E-2	-5.39076E-2
+1.17080E+1	-9.73819E-1	+1.94363E-3	-5.38993E-2
+1.17228E+1	-9.70495E-1	+2.93546E-3	-5.38849E-2
+1.17375E+1	-9.67001E-1	+6.46637E-4	-5.38699E-2
+1.17522E+1	-9.63314E-1	+2.65168E-4	-5.38501E-2
+1.17670E+1	-9.59409E-1	-4.21478E-4	-5.38331E-2
+1.17817E+1	-9.55340E-1	-6.50360E-4	-5.38160E-2
+1.17965E+1	-9.51051E-1	-6.50360E-4	-5.37926E-2
+1.18112E+1	-9.46601E-1	+1.48587E-3	-5.37670E-2
+1.18260E+1	-9.41931E-1	-1.16302E-4	-5.37416E-2
+1.18407E+1	-9.37105E-1	-9.55535E-4	-5.37156E-2
+1.18555E+1	-9.32058E-1	-1.16302E-4	-5.36903E-2
+1.18702E+1	-9.26859E-1	+4.38504E-3	-5.36576E-2
+1.18850E+1	-9.21440E-1	+1.94363E-3	-5.36238E-2
+1.18997E+1	-9.15873E-1	+3.77469E-3	-5.35901E-2
+1.19144E+1	-9.10124E-1	+5.68204E-3	-5.35547E-2
+1.19292E+1	-9.04153E-1	+4.15616E-3	-5.35150E-2
+1.19439E+1	-8.98043E-1	+1.48587E-3	-5.34711E-2
+1.19587E+1	-8.91711E-1	+2.17252E-3	-5.34266E-2
+1.19734E+1	-8.85243E-1	+2.09622E-3	-5.33794E-2
+1.19882E+1	-8.78555E-1	+1.48587E-3	-5.33278E-2
+1.20029E+1	-8.71736E-1	+3.77469E-3	-5.32761E-2
+1.20177E+1	-8.64696E-1	+2.40140E-3	-5.32230E-2
+1.20324E+1	-8.57531E-1	+2.40140E-3	-5.31650E-2
+1.20472E+1	-8.50146E-1	+2.09622E-3	-5.31046E-2
+1.20619E+1	-8.42641E-1	+1.12580E-4	-5.30387E-2
+1.20766E+1	-8.34968E-1	+5.60574E-3	-5.29703E-2
+1.20914E+1	-8.27076E-1	+6.36868E-3	-5.28968E-2
+1.21061E+1	-8.19073E-1	+8.04715E-3	-5.28253E-2
+1.21209E+1	-8.10850E-1	+4.84280E-3	-5.27439E-2
+1.21356E+1	-8.02522E-1	+3.77469E-3	-5.26592E-2
+1.21504E+1	-7.93975E-1	+9.95450E-3	-5.25717E-2
+1.21651E+1	-7.85329E-1	+4.76651E-3	-5.24804E-2
+1.21799E+1	-7.76466E-1	+6.21610E-3	-5.23822E-2
+1.21946E+1	-7.67508E-1	+5.14798E-3	-5.22804E-2
+1.22094E+1	-7.58335E-1	+7.81827E-3	-5.21760E-2
+1.22241E+1	-7.49073E-1	+7.74197E-3	-5.20613E-2
+1.22388E+1	-7.39662E-1	+7.20792E-3	-5.19445E-2
+1.22536E+1	-7.30039E-1	+5.98721E-3	-5.18149E-2
+1.22683E+1	-7.20335E-1	+1.22433E-2	-5.16888E-2
+1.22831E+1	-7.10421E-1	+1.01071E-2	-5.15488E-2
+1.22978E+1	-7.00432E-1	+5.60574E-3	-5.14078E-2
+1.23126E+1	-6.90235E-1	+1.65921E-2	-5.12513E-2
+1.23273E+1	-6.79969E-1	+5.30057E-3	-5.10933E-2
+1.23421E+1	-6.69496E-1	+1.00308E-2	-5.09259E-2
+1.23568E+1	-6.58961E-1	+1.78128E-2	-5.07485E-2
+1.23716E+1	-6.48222E-1	+1.58291E-2	-5.05659E-2
+1.23863E+1	-6.37427E-1	+9.80191E-3	-5.03709E-2
+1.24010E+1	-6.26505E-1	+9.11527E-3	-5.01637E-2
+1.24158E+1	-6.15383E-1	+1.69735E-2	-4.99407E-2
+1.24305E+1	-6.04213E-1	+2.43741E-2	-4.97157E-2
+1.24453E+1	-5.92846E-1	+2.37637E-2	-4.94775E-2
+1.24600E+1	-5.81438E-1	+1.21670E-2	-4.92277E-2
+1.24748E+1	-5.69836E-1	+7.81827E-3	-4.89636E-2
+1.24895E+1	-5.58198E-1	+4.38504E-3	-4.86718E-2
+1.25043E+1	-5.46369E-1	+7.51309E-3	-4.83682E-2
+1.25190E+1	-5.34512E-1	+1.84994E-2	-4.80378E-2
+1.25338E+1	-5.22466E-1	+3.13168E-2	-4.77110E-2
+1.25485E+1	-5.10397E-1	+3.93277E-2	-4.73632E-2
+1.25633E+1	-4.98145E-1	+4.38290E-2	-4.70002E-2
+1.25780E+1	-4.85875E-1	+3.57419E-2	-4.66043E-2
+1.25927E+1	-4.73509E-1	+3.73440E-2	-4.61946E-2
+1.26075E+1	-4.60964E-1	+3.40634E-2	-4.57432E-2
+1.26222E+1	-4.48412E-1	+3.90225E-2	-4.52824E-2
+1.26370E+1	-4.35684E-1	+2.75784E-2	-4.47647E-2
+1.26517E+1	-4.22956E-1	+3.61996E-2	-4.42510E-2
+1.26665E+1	-4.10056E-1	+2.68918E-2	-4.36844E-2
+1.26812E+1	-3.97162E-1	+3.93277E-2	-4.30848E-2
+1.26960E+1	-3.84100E-1	+3.80307E-2	-4.24617E-2
+1.27107E+1	-3.71050E-1	+4.74911E-2	-4.17999E-2
+1.27255E+1	-3.57837E-1	+5.19925E-2	-4.10929E-2
+1.27402E+1	-3.44641E-1	+6.12240E-2	-4.03277E-2
+1.27549E+1	-3.31378E-1	+5.62649E-2	-3.95437E-2
+1.27697E+1	-3.17957E-1	+6.26736E-2	-3.86938E-2
+1.27844E+1	-3.04564E-1	+6.83194E-2	-3.77967E-2
+1.27992E+1	-2.91019E-1	+6.46573E-2	-3.68352E-2
+1.28139E+1	-2.77507E-1	+6.80142E-2	-3.58621E-2
+1.28287E+1	-2.63847E-1	+6.33603E-2	-3.47984E-2
+1.28434E+1	-2.50227E-1	+6.24447E-2	-3.37191E-2
+1.28582E+1	-2.36465E-1	+6.81668E-2	-3.25603E-2
+1.28729E+1	-2.22748E-1	+8.49514E-2	-3.13418E-2
+1.28877E+1	-2.08893E-1	+9.70059E-2	-3.00322E-2
+1.29024E+1	-1.95090E-1	+1.12951E-1	-2.86250E-2
+1.29171E+1	-1.81249E-1	+1.23251E-1	-2.71809E-2
+1.29319E+1	-1.67277E-1	+1.32788E-1	-2.56103E-2
+1.29466E+1	-1.53366E-1	+1.27829E-1	-2.39895E-2
+1.29614E+1	-1.39329E-1	+1.17453E-1	-2.22365E-2
+1.29761E+1	-1.25360E-1	+1.28744E-1	-2.04455E-2
+1.29909E+1	-1.11270E-1	+1.29202E-1	-1.85151E-2
+1.30056E+1	-9.72538E-2	+1.45834E-1	-1.64279E-2
+1.30204E+1	-8.31224E-2	+1.65823E-1	-1.42645E-2
+1.30351E+1	-6.90700E-2	+1.68112E-1	-1.18950E-2
+1.30499E+1	-5.49081E-2	+1.77420E-1	-9.41038E-3
+1.30646E+1	-4.08309E-2	+1.64755E-1	-6.87844E-3
+1.30793E+1	-2.67456E-2	+1.71164E-1	-4.30675E-3
+1.30941E+1	-1.25591E-2	+1.72308E-1	-1.69274E-3
+1.31088E+1	+1.53398E-3	+1.89856E-1	+9.64321E-4
+1.31236E+1	+1.57227E-2	+1.90390E-1	+3.50108E-3
+1.31383E+1	+2.98123E-2	+1.72689E-1	+6.14523E-3
+1.31531E+1	+4.39919E-2	+1.79709E-1	+8.77712E-3
+1.31678E+1	+5.80668E-2	+1.61627E-1	+1.13108E-2
+1.31826E+1	+7.22259E-2	+1.56134E-1	+1.38214E-2
+1.31973E+1	+8.62749E-2	+1.61627E-1	+1.62047E-2
+1.32121E+1	+1.00402E-1	+1.63382E-1	+1.85914E-2
+1.32268E+1	+1.14414E-1	+1.59109E-1	+2.08053E-2
+1.32415E+1	+1.28403E-1	+1.47207E-1	+2.29933E-2
+1.32563E+1	+1.42461E-1	+1.40799E-1	+2.50958E-2
+1.32710E+1	+1.56397E-1	+1.20581E-1	+2.70973E-2
+1.32858E+1	+1.70395E-1	+1.17224E-1	+2.90285E-2
+1.33005E+1	+1.84265E-1	+1.23632E-1	+3.08480E-2
+1.33153E+1	+1.98192E-1	+1.26150E-1	+3.26521E-2
+1.33300E+1	+2.11986E-1	+1.17605E-1	+3.43095E-2
+1.33448E+1	+2.25831E-1	+1.05093E-1	+3.59392E-2
+1.33595E+1	+2.39538E-1	+9.76162E-2	+3.74705E-2
+1.33743E+1	+2.53289E-1	+8.44937E-2	+3.89340E-2
+1.33890E+1	+2.66898E-1	+8.15945E-2	+4.03275E-2
+1.34038E+1	+2.80545E-1	+8.96817E-2	+4.16777E-2
+1.34185E+1	+2.94044E-1	+1.00897E-1	+4.30090E-2
+1.34332E+1	+3.07485E-1	+1.01126E-1	+4.42605E-2
+1.34480E+1	+3.20955E-1	+8.49514E-2	+4.54971E-2
+1.34627E+1	+3.34271E-1	+6.14529E-2	+4.66184E-2
+1.34775E+1	+3.47610E-1	+4.87881E-2	+4.76928E-2
+1.34922E+1	+3.60789E-1	+6.22921E-2	+4.86961E-2
+1.35070E+1	+3.73986E-1	+7.03030E-2	+4.97049E-2
+1.35217E+1	+3.87019E-1	+6.96927E-2	+5.06752E-2
+1.35365E+1	+4.00064E-1	+6.21396E-2	+5.15706E-2
+1.35512E+1	+4.12940E-1	+6.09951E-2	+5.24268E-2
+1.35660E+1	+4.25821E-1	+5.53494E-2	+5.32472E-2
+1.35807E+1	+4.38530E-1	+5.06192E-2	+5.40243E-2
+1.35954E+1	+4.51152E-1	+5.16110E-2	+5.47637E-2
+1.36102E+1	+4.63770E-1	+4.26083E-2	+5.54695E-2
+1.36249E+1	+4.76209E-1	+4.57364E-2	+5.61444E-2
+1.36397E+1	+4.88638E-1	+3.73440E-2	+5.67831E-2
+1.36544E+1	+5.00885E-1	+4.21505E-2	+5.73847E-2
+1.36692E+1	+5.13116E-1	+3.52078E-2	+5.79663E-2
+1.36839E+1	+5.25161E-1	+3.68100E-2	+5.85118E-2
+1.36987E+1	+5.37183E-1	+3.25375E-2	+5.90477E-2
+1.37134E+1	+5.49016E-1	+2.67392E-2	+5.95471E-2
+1.37282E+1	+5.60820E-1	+2.77310E-2	+6.00231E-2
+1.37429E+1	+5.72433E-1	+1.90335E-2	+6.04890E-2
+1.37576E+1	+5.83931E-1	+2.83413E-2	+6.09304E-2
+1.37724E+1	+5.95391E-1	+2.56711E-2	+6.13392E-2
+1.37871E+1	+6.06655E-1	+3.26138E-2	+6.17262E-2
+1.38019E+1	+6.17873E-1	+3.62759E-2	+6.20897E-2
+1.38166E+1	+6.28893E-1	+3.26138E-2	+6.24326E-2
+1.38314E+1	+6.39862E-1	+1.60580E-2	+6.27714E-2
+1.38461E+1	+6.50628E-1	+5.14798E-3	+6.31147E-2
+1.38609E+1	+6.61338E-1	+1.43795E-2	+6.34501E-2
+1.38756E+1	+6.71843E-1	+3.16983E-2	+6.37311E-2
+1.38904E+1	+6.82285E-1	+2.42215E-2	+6.40039E-2
+1.39051E+1	+6.92520E-1	+1.46084E-2	+6.42740E-2
+1.39198E+1	+7.02618E-1	+1.81180E-2	+6.45360E-2
+1.39346E+1	+7.12644E-1	+1.70498E-2	+6.47720E-2
+1.39493E+1	+7.22460E-1	+1.18618E-2	+6.50192E-2
+1.39641E+1	+7.32197E-1	+1.71261E-2	+6.52459E-2
+1.39788E+1	+7.41723E-1	+1.39218E-2	+6.54560E-2
+1.39936E+1	+7.51165E-1	+1.63632E-2	+6.56707E-2
+1.40083E+1	+7.60394E-1	+8.35233E-3	+6.58656E-2
+1.40231E+1	+7.69532E-1	+1.35403E-2	+6.60638E-2
+1.40378E+1	+7.78456E-1	+1.30063E-2	+6.62423E-2
+1.40526E+1	+7.87284E-1	+1.17856E-2	+6.64221E-2
+1.40673E+1	+7.95895E-1	+8.65750E-3	+6.65810E-2
+1.40820E+1	+8.04348E-1	+8.96268E-3	+6.67343E-2
+1.40968E+1	+8.12698E-1	+9.19156E-3	+6.68903E-2
+1.41115E+1	+8.20829E-1	+9.72562E-3	+6.70352E-2
+1.41263E+1	+8.28850E-1	+9.95450E-3	+6.71733E-2
+1.41410E+1	+8.36653E-1	+7.28421E-3	+6.73115E-2
+1.41558E+1	+8.44340E-1	+5.98721E-3	+6.74368E-2
+1.41705E+1	+8.51808E-1	+1.79105E-3	+6.75629E-2
+1.41853E+1	+8.59155E-1	+1.04123E-2	+6.76773E-2
+1.42000E+1	+8.66281E-1	+8.65750E-3	+6.77958E-2
+1.42148E+1	+8.73282E-1	+5.75833E-3	+6.79011E-2
+1.42295E+1	+8.80061E-1	+6.52127E-3	+6.80075E-2
+1.42442E+1	+8.86666E-1	+6.90274E-3	+6.81043E-2
+1.42590E+1	+8.93138E-1	+5.07169E-3	+6.81980E-2
+1.42737E+1	+8.99388E-1	+5.60574E-3	+6.82871E-2
+1.42885E+1	+9.05500E-1	+6.13980E-3	+6.83735E-2
+1.43032E+1	+9.11391E-1	+3.39322E-3	+6.84556E-2
+1.43180E+1	+9.17138E-1	+3.46951E-3	+6.85375E-2
+1.43327E+1	+9.22664E-1	+5.30057E-3	+6.86115E-2
+1.43475E+1	+9.28043E-1	+6.21610E-3	+6.86883E-2
+1.43622E+1	+9.33200E-1	+5.45316E-3	+6.87506E-2
+1.43770E+1	+9.38205E-1	+5.45316E-3	+6.88181E-2
+1.43917E+1	+9.42989E-1	+3.41462E-4	+6.88789E-2
+1.44065E+1	+9.47616E-1	+4.61392E-3	+6.89375E-2
+1.44212E+1	+9.52024E-1	+3.46951E-3	+6.89945E-2
+1.44359E+1	+9.56242E-1	+4.23245E-3	+6.90482E-2
+1.44507E+1	+9.60297E-1	+5.37686E-3	+6.90917E-2
+1.44654E+1	+9.64133E-1	+9.51813E-4	+6.91412E-2
+1.44802E+1	+9.67802E-1	+3.62859E-5	+6.91820E-2
+1.44949E+1	+9.71253E-1	+5.83463E-3	+6.92286E-2
+1.45097E+1	+9.74533E-1	-4.97772E-4	+6.92669E-2
+1.45244E+1	+9.77597E-1	-4.97772E-4	+6.93036E-2
+1.45392E+1	+9.80485E-1	+2.55399E-3	+6.93363E-2
+1.45539E+1	+9.83158E-1	+4.23245E-3	+6.93592E-2
+1.45687E+1	+9.85652E-1	+4.99539E-3	+6.93994E-2
+1.45834E+1	+9.87933E-1	-1.56589E-3	+6.94219E-2
+1.45981E+1	+9.90018E-1	+4.15616E-3	+6.94358E-2
+1.46129E+1	+9.91918E-1	-9.55535E-4	+6.94508E-2
+1.46276E+1	+9.93608E-1	+1.94363E-3	+6.94671E-2
+1.46424E+1	+9.95109E-1	+1.40958E-3	+6.94833E-2
+1.46571E+1	+9.96403E-1	-9.55535E-4	+6.94976E-2
+1.46719E+1	+9.97505E-1	+1.94363E-3	+6.95096E-2
+1.46866E+1	+9.98401E-1	+7.97086E-3	+6.95192E-2
+1.47014E+1	+9.99102E-1	+1.94363E-3	+6.95177E-2
+1.47161E+1	+9.99600E-1	-8.02948E-4	+6.95217E-2
+1.47309E+1	+9.99901E-1	-1.41330E-3	+6.95262E-2
