+0.00000E+0	+0.00000E+0	-6.37994E-3	-3.18997E-7
+1.47000E-2	+1.40930E-2	+8.14344E-2	+6.68397E-4
+2.95000E-2	+2.82790E-2	+3.60395E-2	+1.50899E-3
+4.42000E-2	+4.23635E-2	+5.52656E-2	+2.35606E-3
+5.90000E-2	+5.65354E-2	+7.03718E-2	+3.35940E-3
+7.37000E-2	+7.06002E-2	+6.57178E-2	+4.37469E-3
+8.85000E-2	+8.47465E-2	+7.77723E-2	+5.41326E-3
+1.03200E-1	+9.87804E-2	+8.41810E-2	+6.51039E-3
+1.18000E-1	+1.12890E-1	+6.93800E-2	+7.57098E-3
+1.32700E-1	+1.26882E-1	+5.63337E-2	+8.59986E-3
+1.47500E-1	+1.40943E-1	+5.86225E-2	+9.63173E-3
+1.62200E-1	+1.54881E-1	+7.08295E-2	+1.06843E-2
+1.76900E-1	+1.68789E-1	+7.67042E-2	+1.17422E-2
+1.91700E-1	+1.82757E-1	+7.60175E-2	+1.27738E-2
+2.06400E-1	+1.96595E-1	+7.60175E-2	+1.38263E-2
+2.21200E-1	+2.10487E-1	+6.47260E-2	+1.48248E-2
+2.35900E-1	+2.24243E-1	+5.37397E-2	+1.58153E-2
+2.50700E-1	+2.38048E-1	+6.12928E-2	+1.67947E-2
+2.65400E-1	+2.51712E-1	+6.09876E-2	+1.77710E-2
+2.80200E-1	+2.65419E-1	+7.27369E-2	+1.87372E-2
+2.94900E-1	+2.78980E-1	+6.80067E-2	+1.96954E-2
+3.09700E-1	+2.92577E-1	+6.46497E-2	+2.06464E-2
+3.24400E-1	+3.06025E-1	+6.43446E-2	+2.15363E-2
+3.39100E-1	+3.19411E-1	+6.54890E-2	+2.24412E-2
+3.53900E-1	+3.32825E-1	+5.67152E-2	+2.33254E-2
+3.68600E-1	+3.46081E-1	+5.41212E-2	+2.42112E-2
+3.83400E-1	+3.59358E-1	+5.09168E-2	+2.50629E-2
+3.98100E-1	+3.72474E-1	+4.85517E-2	+2.59148E-2
+4.12900E-1	+3.85605E-1	+5.77070E-2	+2.67623E-2
+4.27600E-1	+3.98569E-1	+5.31293E-2	+2.75744E-2
+4.42400E-1	+4.11542E-1	+6.47260E-2	+2.83762E-2
+4.57100E-1	+4.24346E-1	+5.56470E-2	+2.91566E-2
+4.71900E-1	+4.37151E-1	+5.60285E-2	+2.99275E-2
+4.86600E-1	+4.49783E-1	+5.54182E-2	+3.06695E-2
+5.01400E-1	+4.62410E-1	+4.52711E-2	+3.14129E-2
+5.16100E-1	+4.74860E-1	+4.94672E-2	+3.21151E-2
+5.30800E-1	+4.87215E-1	+4.06171E-2	+3.28348E-2
+5.45600E-1	+4.99557E-1	+4.31348E-2	+3.34924E-2
+5.60300E-1	+5.11716E-1	+4.26771E-2	+3.41667E-2
+5.75100E-1	+5.23855E-1	+3.90913E-2	+3.48207E-2
+5.89800E-1	+5.35807E-1	+4.06171E-2	+3.54687E-2
+6.04600E-1	+5.47734E-1	+4.43555E-2	+3.61068E-2
+6.19300E-1	+5.59470E-1	+4.05408E-2	+3.67305E-2
+6.34100E-1	+5.71174E-1	+4.77125E-2	+3.73513E-2
+6.48800E-1	+5.82685E-1	+4.77125E-2	+3.79571E-2
+6.63600E-1	+5.94158E-1	+4.48896E-2	+3.85328E-2
+6.78300E-1	+6.05435E-1	+4.03883E-2	+3.90913E-2
+6.93000E-1	+6.16591E-1	+3.01649E-2	+3.96471E-2
+7.07800E-1	+6.27700E-1	+2.63502E-2	+4.02032E-2
+7.22500E-1	+6.38608E-1	+3.03175E-2	+4.07438E-2
+7.37300E-1	+6.49463E-1	+4.36689E-2	+4.12496E-2
+7.52000E-1	+6.60114E-1	+4.25245E-2	+4.17293E-2
+7.66800E-1	+6.70706E-1	+2.26118E-2	+4.22161E-2
+7.81500E-1	+6.81093E-1	+3.30640E-2	+4.27108E-2
+7.96300E-1	+6.91413E-1	+4.23719E-2	+4.31392E-2
+8.11000E-1	+7.01526E-1	+2.14674E-2	+4.35634E-2
+8.25800E-1	+7.11567E-1	+1.39143E-2	+4.40349E-2
+8.40500E-1	+7.21398E-1	+5.06879E-2	+4.44287E-2
+8.55200E-1	+7.31086E-1	+1.39143E-2	+4.48068E-2
+8.70000E-1	+7.40694E-1	+2.37562E-2	+4.52453E-2
+8.84700E-1	+7.50088E-1	+3.74128E-2	+4.55734E-2
+8.99500E-1	+7.59396E-1	+9.18403E-3	+4.59798E-2
+9.14200E-1	+7.68490E-1	+3.47425E-2	+4.63211E-2
+9.29000E-1	+7.77492E-1	+1.73475E-2	+4.66709E-2
+9.43700E-1	+7.86278E-1	+2.71894E-2	+4.69883E-2
+9.58500E-1	+7.94965E-1	+1.78052E-2	+4.73235E-2
+9.73200E-1	+8.03436E-1	+2.01704E-2	+4.76148E-2
+9.88000E-1	+8.11803E-1	+2.93256E-2	+4.79272E-2
+1.00270E+0	+8.19952E-1	+1.83393E-2	+4.82118E-2
+1.01740E+0	+8.27938E-1	+1.64320E-2	+4.84816E-2
+1.03220E+0	+8.35812E-1	+2.22303E-2	+4.87650E-2
+1.04690E+0	+8.43466E-1	+1.64320E-2	+4.90248E-2
+1.06170E+0	+8.51003E-1	+1.78052E-2	+4.92707E-2
+1.07640E+0	+8.58320E-1	+1.84156E-2	+4.95060E-2
+1.09120E+0	+8.65514E-1	+1.55164E-2	+4.97440E-2
+1.10590E+0	+8.72487E-1	+1.51350E-2	+4.99788E-2
+1.12070E+0	+8.79332E-1	+1.39905E-2	+5.02129E-2
+1.13540E+0	+8.85956E-1	+1.39905E-2	+5.04143E-2
+1.15020E+0	+8.92447E-1	+1.07862E-2	+5.06189E-2
+1.16490E+0	+8.98717E-1	+1.29224E-2	+5.08076E-2
+1.17960E+0	+9.04807E-1	+1.13966E-2	+5.10018E-2
+1.19440E+0	+9.10758E-1	+9.79438E-3	+5.11769E-2
+1.20910E+0	+9.16487E-1	+9.94697E-3	+5.13574E-2
+1.22390E+0	+9.22072E-1	+5.82710E-3	+5.15212E-2
+1.23860E+0	+9.27434E-1	+8.26850E-3	+5.16885E-2
+1.25340E+0	+9.32647E-1	+1.19306E-2	+5.18326E-2
+1.26810E+0	+9.37639E-1	+1.10914E-2	+5.19662E-2
+1.28290E+0	+9.42477E-1	+1.03284E-2	+5.21157E-2
+1.29760E+0	+9.47094E-1	+9.10773E-3	+5.22464E-2
+1.31240E+0	+9.51553E-1	+7.42927E-3	+5.23746E-2
+1.32710E+0	+9.55792E-1	+4.53010E-3	+5.24841E-2
+1.34180E+0	+9.59841E-1	+8.34480E-3	+5.26033E-2
+1.35660E+0	+9.63725E-1	+8.72627E-3	+5.27095E-2
+1.37130E+0	+9.67391E-1	+1.17316E-3	+5.28126E-2
+1.38610E+0	+9.70887E-1	+1.47834E-3	+5.29038E-2
+1.40080E+0	+9.74166E-1	+1.44483E-2	+5.29862E-2
+1.41560E+0	+9.77273E-1	+1.16254E-2	+5.30820E-2
+1.43030E+0	+9.80163E-1	+7.88703E-3	+5.31445E-2
+1.44510E+0	+9.82877E-1	+2.39387E-3	+5.32238E-2
+1.45980E+0	+9.85376E-1	-2.56524E-3	+5.32880E-2
+1.47460E+0	+9.87694E-1	+6.39107E-4	+5.33398E-2
+1.48930E+0	+9.89800E-1	-5.84588E-3	+5.34093E-2
+1.50410E+0	+9.91722E-1	+2.77534E-3	+5.34638E-2
+1.51880E+0	+9.93433E-1	-2.48894E-3	+5.34919E-2
+1.53350E+0	+9.94947E-1	-1.95489E-3	+5.35300E-2
+1.54830E+0	+9.96271E-1	+4.30122E-3	+5.35666E-2
+1.56300E+0	+9.97388E-1	+5.62813E-4	+5.35977E-2
+1.57780E+0	+9.98313E-1	+1.63093E-3	+5.36057E-2
+1.59250E+0	+9.99032E-1	-2.76420E-4	+5.36184E-2
+1.60730E+0	+9.99556E-1	-2.64153E-3	+5.36413E-2
+1.62200E+0	+9.99876E-1	+2.85163E-3	+5.36646E-2
+1.63680E+0	+9.99999E-1	+1.81343E-4	+5.36613E-2
+1.65150E+0	+9.99921E-1	-3.52714E-4	+5.36584E-2
+1.66630E+0	+9.99642E-1	+6.28486E-3	+5.36511E-2
+1.68100E+0	+9.99166E-1	+3.00422E-3	+5.36493E-2
+1.69570E+0	+9.98491E-1	+3.46198E-3	+5.36371E-2
+1.71050E+0	+9.97612E-1	-2.03118E-3	+5.36287E-2
+1.72520E+0	+9.96539E-1	+6.74262E-3	+5.36120E-2
+1.74000E+0	+9.95260E-1	+8.95515E-3	+5.36077E-2
+1.75470E+0	+9.93790E-1	-4.75386E-5	+5.35954E-2
+1.76950E+0	+9.92111E-1	-3.02300E-3	+5.35757E-2
+1.78420E+0	+9.90246E-1	+7.12409E-3	+5.35577E-2
+1.79900E+0	+9.88170E-1	-8.74505E-3	+5.35292E-2
+1.81370E+0	+9.85910E-1	-2.31646E-2	+5.35088E-2
+1.82850E+0	+9.83437E-1	-2.10284E-2	+5.34798E-2
+1.84320E+0	+9.80785E-1	+1.47834E-3	+5.34570E-2
+1.85790E+0	+9.77938E-1	-4.47259E-3	+5.34333E-2
+1.87270E+0	+9.74876E-1	-3.32818E-3	+5.33982E-2
+1.88740E+0	+9.71640E-1	+2.24128E-3	+5.33628E-2
+1.90220E+0	+9.68187E-1	-4.62518E-3	+5.33232E-2
+1.91690E+0	+9.64565E-1	-5.54070E-3	+5.32836E-2
+1.93170E+0	+9.60724E-1	+1.17316E-3	+5.32318E-2
+1.94640E+0	+9.56717E-1	-1.10339E-2	+5.31796E-2
+1.96120E+0	+9.52492E-1	+2.57637E-4	+5.31343E-2
+1.97590E+0	+9.48105E-1	+7.91695E-4	+5.30689E-2
+1.99070E+0	+9.43498E-1	-3.63335E-3	+5.30024E-2
+2.00540E+0	+9.38734E-1	-2.79412E-3	+5.29355E-2
+2.02010E+0	+9.33784E-1	-3.93853E-3	+5.28691E-2
+2.03490E+0	+9.28613E-1	-8.89764E-3	+5.27882E-2
+2.04960E+0	+9.23291E-1	-5.81596E-4	+5.27088E-2
+2.06440E+0	+9.17749E-1	-7.52435E-3	+5.26185E-2
+2.07910E+0	+9.12060E-1	-8.05840E-3	+5.25214E-2
+2.09390E+0	+9.06150E-1	-4.62518E-3	+5.24275E-2
+2.10860E+0	+9.00099E-1	-8.21099E-3	+5.23223E-2
+2.12340E+0	+8.93827E-1	-7.52435E-3	+5.22099E-2
+2.13810E+0	+8.87419E-1	-5.46441E-3	+5.20935E-2
+2.15290E+0	+8.80789E-1	-1.64971E-3	+5.19769E-2
+2.16760E+0	+8.74028E-1	-1.17968E-2	+5.18443E-2
+2.18230E+0	+8.67094E-1	-1.43908E-2	+5.17004E-2
+2.19710E+0	+8.59939E-1	-1.31701E-2	+5.15419E-2
+2.21180E+0	+8.52660E-1	-9.43169E-3	+5.13882E-2
+2.22660E+0	+8.45161E-1	-1.44671E-2	+5.12275E-2
+2.24130E+0	+8.37544E-1	-1.10339E-2	+5.10585E-2
+2.25610E+0	+8.29708E-1	-1.60693E-2	+5.08791E-2
+2.27080E+0	+8.21759E-1	-1.34753E-2	+5.06806E-2
+2.28560E+0	+8.13591E-1	-9.81316E-3	+5.04779E-2
+2.30030E+0	+8.05316E-1	-1.64507E-2	+5.02702E-2
+2.31510E+0	+7.96823E-1	-1.46960E-2	+5.00407E-2
+2.32980E+0	+7.88228E-1	-1.45434E-2	+4.98192E-2
+2.34460E+0	+7.79418E-1	-2.05706E-2	+4.95644E-2
+2.35930E+0	+7.70511E-1	-1.35516E-2	+4.93129E-2
+2.37400E+0	+7.61451E-1	-1.99603E-2	+4.90290E-2
+2.38880E+0	+7.52177E-1	-1.43145E-2	+4.87503E-2
+2.40350E+0	+7.42815E-1	-2.56060E-2	+4.84483E-2
+2.41830E+0	+7.33241E-1	-1.85870E-2	+4.81619E-2
+2.43300E+0	+7.23586E-1	-2.04943E-2	+4.78126E-2
+2.44780E+0	+7.13719E-1	-2.84289E-2	+4.75045E-2
+2.46250E+0	+7.03777E-1	-7.90581E-3	+4.71362E-2
+2.47730E+0	+6.93626E-1	-3.58294E-2	+4.67758E-2
+2.49200E+0	+6.83406E-1	-2.79711E-2	+4.64451E-2
+2.50680E+0	+6.72978E-1	-1.12627E-2	+4.60170E-2
+2.52150E+0	+6.62488E-1	-4.30773E-2	+4.56093E-2
+2.53620E+0	+6.51865E-1	-3.40746E-2	+4.52367E-2
+2.55100E+0	+6.41040E-1	-7.21917E-3	+4.47773E-2
+2.56570E+0	+6.30159E-1	-3.28539E-2	+4.42956E-2
+2.58050E+0	+6.19079E-1	-4.94860E-2	+4.38671E-2
+2.59520E+0	+6.07950E-1	-3.84234E-2	+4.34023E-2
+2.61000E+0	+5.96623E-1	-2.77422E-2	+4.29106E-2
+2.62470E+0	+5.85254E-1	-2.65978E-2	+4.24053E-2
+2.63950E+0	+5.73690E-1	-3.36169E-2	+4.18667E-2
+2.65420E+0	+5.62090E-1	-3.38458E-2	+4.13261E-2
+2.66900E+0	+5.50298E-1	-4.10174E-2	+4.07574E-2
+2.68370E+0	+5.38476E-1	-3.89575E-2	+4.02018E-2
+2.69840E+0	+5.26547E-1	-4.87231E-2	+3.96057E-2
+2.71320E+0	+5.14432E-1	-4.14752E-2	+3.89980E-2
+2.72790E+0	+5.02295E-1	-4.68920E-2	+3.83807E-2
+2.74270E+0	+4.89976E-1	-4.19329E-2	+3.77465E-2
+2.75740E+0	+4.77642E-1	-4.98675E-2	+3.70883E-2
+2.77220E+0	+4.65128E-1	-4.68920E-2	+3.64224E-2
+2.78690E+0	+4.52606E-1	-4.99438E-2	+3.57185E-2
+2.80170E+0	+4.39908E-1	-4.21618E-2	+3.50305E-2
+2.81640E+0	+4.27208E-1	-5.46740E-2	+3.42977E-2
+2.83120E+0	+4.14336E-1	-4.71972E-2	+3.35560E-2
+2.84590E+0	+4.01469E-1	-5.24615E-2	+3.28071E-2
+2.86060E+0	+3.88522E-1	-5.99383E-2	+3.20433E-2
+2.87540E+0	+3.75408E-1	-6.36767E-2	+3.12187E-2
+2.89010E+0	+3.62309E-1	-6.42870E-2	+3.04044E-2
+2.90490E+0	+3.49048E-1	-5.91753E-2	+2.95590E-2
+2.91960E+0	+3.35806E-1	-5.42925E-2	+2.87085E-2
+2.93440E+0	+3.22408E-1	-5.16222E-2	+2.78460E-2
+2.94910E+0	+3.09035E-1	-5.39111E-2	+2.69622E-2
+2.96390E+0	+2.95510E-1	-6.08538E-2	+2.60722E-2
+2.97860E+0	+2.82017E-1	-6.40582E-2	+2.51353E-2
+2.99340E+0	+2.68376E-1	-6.36767E-2	+2.41966E-2
+3.00810E+0	+2.54773E-1	-7.49682E-2	+2.32234E-2
+3.02280E+0	+2.41120E-1	-8.35131E-2	+2.22290E-2
+3.03760E+0	+2.27325E-1	-7.61889E-2	+2.11905E-2
+3.05230E+0	+2.13579E-1	-6.81017E-2	+2.01631E-2
+3.06710E+0	+1.99696E-1	-6.01672E-2	+1.91468E-2
+3.08180E+0	+1.85867E-1	-7.03906E-2	+1.80890E-2
+3.09660E+0	+1.71906E-1	-6.36767E-2	+1.70304E-2
+3.11130E+0	+1.58006E-1	-7.77911E-2	+1.59433E-2
+3.12610E+0	+1.43980E-1	-9.09899E-2	+1.48366E-2
+3.14080E+0	+1.30019E-1	-9.03796E-2	+1.37002E-2
+3.15560E+0	+1.15938E-1	-7.42053E-2	+1.25679E-2
+3.17030E+0	+1.01928E-1	-6.13879E-2	+1.14847E-2
+3.18500E+0	+8.78986E-2	-6.68810E-2	+1.03852E-2
+3.19980E+0	+7.37558E-2	-6.97802E-2	+9.27379E-3
+3.21450E+0	+5.96939E-2	-8.48864E-2	+8.14126E-3
+3.22930E+0	+4.55243E-2	-1.00145E-1	+6.98702E-3
+3.24400E+0	+3.14414E-2	-8.57256E-2	+5.80211E-3
+3.25880E+0	+1.72564E-2	-6.98565E-2	+4.66212E-3
+3.27350E+0	+3.16383E-3	-6.48211E-2	+3.56205E-3
+3.28830E+0	-1.10253E-2	-7.33660E-2	+2.43132E-3
+3.30300E+0	-2.51163E-2	-7.50445E-2	+1.29106E-3
+3.31780E+0	-3.92981E-2	-9.12188E-2	+1.25702E-4
+3.33250E+0	-5.33763E-2	-1.00984E-1	-1.04469E-3
+3.34730E+0	-6.75396E-2	-7.50445E-2	-2.22307E-3
+3.36200E+0	-8.15937E-2	-5.60473E-2	-3.31842E-3
+3.37670E+0	-9.56316E-2	-5.75732E-2	-4.37188E-3
+3.39150E+0	-1.09746E-1	-6.77203E-2	-5.46986E-3
+3.40620E+0	-1.23743E-1	-8.75567E-2	-6.56200E-3
+3.42100E+0	-1.37810E-1	-9.28210E-2	-7.69950E-3
+3.43570E+0	-1.51755E-1	-8.15295E-2	-8.79359E-3
+3.45050E+0	-1.65764E-1	-6.00146E-2	-9.85041E-3
+3.46520E+0	-1.79646E-1	-5.36059E-2	-1.08702E-2
+3.48000E+0	-1.93586E-1	-6.32189E-2	-1.18713E-2
+3.49470E+0	-2.07393E-1	-6.80254E-2	-1.29036E-2
+3.50950E+0	-2.21252E-1	-7.86303E-2	-1.39205E-2
+3.52420E+0	-2.34974E-1	-8.06139E-2	-1.49534E-2
+3.53890E+0	-2.48649E-1	-7.67230E-2	-1.59525E-2
+3.55370E+0	-2.62367E-1	-5.90991E-2	-1.69272E-2
+3.56840E+0	-2.75940E-1	-5.42925E-2	-1.78762E-2
+3.58320E+0	-2.89551E-1	-5.64288E-2	-1.87984E-2
+3.59790E+0	-3.03011E-1	-5.95568E-2	-1.97322E-2
+3.61270E+0	-3.16502E-1	-6.30663E-2	-2.06420E-2
+3.62740E+0	-3.29839E-1	-6.16930E-2	-2.15580E-2
+3.64220E+0	-3.43201E-1	-5.88702E-2	-2.24315E-2
+3.65690E+0	-3.56404E-1	-6.58129E-2	-2.33183E-2
+3.67170E+0	-3.69625E-1	-6.92461E-2	-2.41882E-2
+3.68640E+0	-3.82683E-1	-5.46740E-2	-2.50258E-2
+3.70110E+0	-3.95666E-1	-5.87176E-2	-2.58437E-2
+3.71590E+0	-4.08657E-1	-5.18511E-2	-2.66743E-2
+3.73060E+0	-4.21479E-1	-4.82653E-2	-2.74754E-2
+3.74540E+0	-4.34303E-1	-4.19329E-2	-2.82454E-2
+3.76010E+0	-4.46955E-1	-4.30773E-2	-2.90178E-2
+3.77490E+0	-4.59602E-1	-4.97912E-2	-2.97766E-2
+3.78960E+0	-4.72073E-1	-4.12463E-2	-3.05123E-2
+3.80440E+0	-4.84534E-1	-5.20800E-2	-3.12266E-2
+3.81910E+0	-4.96814E-1	-4.10174E-2	-3.19435E-2
+3.83390E+0	-5.09078E-1	-4.56713E-2	-3.26338E-2
+3.84860E+0	-5.21157E-1	-4.36114E-2	-3.33196E-2
+3.86330E+0	-5.33133E-1	-4.52898E-2	-3.39753E-2
+3.87810E+0	-5.45084E-1	-3.80419E-2	-3.46402E-2
+3.89280E+0	-5.56845E-1	-3.81945E-2	-3.52686E-2
+3.90760E+0	-5.68574E-1	-3.22436E-2	-3.59051E-2
+3.92230E+0	-5.80111E-1	-3.51428E-2	-3.64979E-2
+3.93710E+0	-5.91610E-1	-3.53716E-2	-3.71073E-2
+3.95180E+0	-6.02914E-1	-3.97204E-2	-3.76795E-2
+3.96660E+0	-6.14173E-1	-4.91808E-2	-3.82565E-2
+3.98130E+0	-6.25234E-1	-3.94152E-2	-3.87782E-2
+3.99610E+0	-6.36244E-1	-3.50665E-2	-3.93128E-2
+4.01080E+0	-6.47054E-1	-3.05651E-2	-3.98517E-2
+4.02550E+0	-6.57734E-1	-3.56005E-2	-4.03592E-2
+4.04030E+0	-6.68356E-1	-4.41454E-2	-4.08480E-2
+4.05500E+0	-6.78773E-1	-2.29357E-2	-4.13067E-2
+4.06980E+0	-6.89124E-1	-1.97314E-2	-4.18119E-2
+4.08450E+0	-6.99268E-1	-4.67394E-2	-4.22526E-2
+4.09930E+0	-7.09340E-1	-2.73608E-2	-4.26608E-2
+4.11400E+0	-7.19204E-1	-1.13390E-2	-4.31323E-2
+4.12880E+0	-7.28990E-1	-4.44506E-2	-4.35332E-2
+4.14350E+0	-7.38564E-1	-1.57641E-2	-4.39121E-2
+4.15830E+0	-7.48056E-1	-2.93444E-2	-4.43617E-2
+4.17300E+0	-7.57334E-1	-3.19384E-2	-4.46760E-2
+4.18780E+0	-7.66524E-1	-1.16442E-2	-4.50905E-2
+4.20250E+0	-7.75498E-1	-3.47613E-2	-4.54130E-2
+4.21720E+0	-7.84319E-1	-1.92736E-2	-4.57756E-2
+4.23200E+0	-7.93042E-1	-2.47668E-2	-4.60970E-2
+4.24670E+0	-8.01548E-1	-2.20202E-2	-4.64379E-2
+4.26150E+0	-8.09951E-1	-8.28728E-3	-4.67469E-2
+4.27620E+0	-8.18136E-1	-2.27831E-2	-4.70467E-2
+4.29100E+0	-8.26213E-1	-1.82818E-2	-4.73503E-2
+4.30570E+0	-8.34070E-1	-1.30175E-2	-4.76315E-2
+4.32050E+0	-8.41814E-1	-1.97314E-2	-4.78965E-2
+4.33520E+0	-8.49337E-1	-2.04180E-2	-4.81668E-2
+4.35000E+0	-8.56741E-1	-1.93499E-2	-4.84254E-2
+4.36470E+0	-8.63925E-1	-1.71374E-2	-4.86649E-2
+4.37940E+0	-8.70936E-1	-7.98211E-3	-4.88947E-2
+4.39420E+0	-8.77821E-1	-1.01946E-2	-4.91094E-2
+4.40890E+0	-8.84484E-1	-1.82818E-2	-4.93315E-2
+4.42370E+0	-8.91015E-1	-1.84344E-2	-4.95407E-2
+4.43840E+0	-8.97325E-1	-1.64507E-2	-4.97545E-2
+4.45320E+0	-9.03497E-1	-1.79003E-2	-4.99408E-2
+4.46790E+0	-9.09447E-1	-1.59167E-2	-5.01316E-2
+4.48270E+0	-9.15256E-1	-1.37042E-2	-5.03059E-2
+4.49740E+0	-9.20842E-1	-1.54589E-2	-5.04738E-2
+4.51220E+0	-9.26283E-1	-1.35516E-2	-5.06260E-2
+4.52690E+0	-9.31501E-1	-9.50799E-3	-5.07918E-2
+4.54160E+0	-9.36535E-1	-3.86224E-3	-5.09496E-2
+4.55640E+0	-9.41415E-1	-1.56115E-2	-5.10901E-2
+4.57110E+0	-9.46074E-1	-1.21020E-2	-5.12212E-2
+4.58590E+0	-9.50575E-1	-1.24072E-2	-5.13435E-2
+4.60060E+0	-9.54857E-1	-4.39629E-3	-5.14692E-2
+4.61540E+0	-9.58976E-1	-9.81316E-3	-5.15851E-2
+4.63010E+0	-9.62876E-1	-1.09576E-2	-5.16879E-2
+4.64490E+0	-9.66609E-1	-8.82134E-3	-5.18010E-2
+4.65960E+0	-9.70124E-1	-8.10478E-4	-5.18917E-2
+4.67440E+0	-9.73469E-1	-1.07287E-2	-5.19836E-2
+4.68910E+0	-9.76597E-1	-1.31701E-2	-5.20653E-2
+4.70380E+0	-9.79531E-1	-1.36279E-2	-5.21532E-2
+4.71860E+0	-9.82289E-1	+4.10225E-4	-5.22222E-2
+4.73330E+0	-9.84832E-1	-5.92217E-3	-5.22955E-2
+4.74810E+0	-9.87195E-1	-1.43908E-2	-5.23626E-2
+4.76280E+0	-9.89345E-1	-1.22546E-2	-5.24176E-2
+4.77760E+0	-9.91311E-1	+3.15681E-3	-5.24817E-2
+4.79230E+0	-9.93066E-1	-5.84588E-3	-5.25259E-2
+4.80710E+0	-9.94634E-1	-1.19494E-2	-5.25724E-2
+4.82180E+0	-9.95993E-1	-1.26824E-3	-5.25964E-2
+4.83660E+0	-9.97162E-1	+2.85163E-3	-5.26414E-2
+4.85130E+0	-9.98124E-1	+4.22492E-3	-5.26714E-2
+4.86600E+0	-9.98888E-1	-5.05302E-4	-5.26810E-2
+4.88080E+0	-9.99456E-1	+1.05049E-4	-5.27053E-2
+4.89550E+0	-9.99822E-1	-2.00126E-4	-5.27098E-2
+4.91030E+0	-9.99989E-1	+1.78352E-3	-5.27287E-2
+4.92500E+0	-9.99956E-1	+1.02058E-3	-5.27314E-2
+4.93980E+0	-9.99722E-1	+2.77534E-3	-5.27311E-2
+4.95450E+0	-9.99290E-1	+3.91975E-3	-5.27336E-2
+4.96930E+0	-9.98655E-1	-2.56524E-3	-5.27319E-2
+4.98400E+0	-9.97825E-1	-3.32818E-3	-5.27281E-2
+4.99880E+0	-9.96790E-1	+1.93610E-3	-5.27258E-2
+5.01350E+0	-9.95562E-1	+3.15681E-3	-5.27199E-2
+5.02820E+0	-9.94137E-1	-4.29008E-4	-5.27041E-2
+5.04300E+0	-9.92503E-1	-1.87859E-3	-5.26951E-2
+5.05770E+0	-9.90682E-1	+5.90339E-3	-5.26831E-2
+5.07250E+0	-9.88650E-1	-8.05840E-3	-5.26642E-2
+5.08720E+0	-9.86434E-1	-1.08813E-2	-5.26311E-2
+5.10200E+0	-9.84006E-1	-1.60693E-2	-5.26091E-2
+5.11670E+0	-9.81398E-1	-1.21020E-2	-5.25996E-2
+5.13150E+0	-9.78575E-1	-5.61700E-3	-5.25714E-2
+5.14620E+0	-9.75576E-1	+7.15401E-4	-5.25433E-2
+5.16100E+0	-9.72361E-1	-3.70965E-3	-5.25156E-2
+5.17570E+0	-9.68974E-1	+4.68269E-3	-5.24834E-2
+5.19050E+0	-9.65369E-1	+4.14863E-3	-5.24443E-2
+5.20520E+0	-9.61597E-1	-4.29008E-4	-5.24037E-2
+5.21990E+0	-9.57633E-1	+8.57368E-3	-5.23599E-2
+5.23470E+0	-9.53451E-1	-9.63066E-4	-5.23152E-2
+5.24940E+0	-9.49106E-1	-4.75386E-5	-5.22576E-2
+5.26420E+0	-9.44542E-1	+6.13227E-3	-5.22010E-2
+5.27890E+0	-9.39820E-1	+6.81892E-3	-5.21404E-2
+5.29370E+0	-9.34878E-1	-4.75386E-5	-5.20792E-2
+5.30840E+0	-9.29782E-1	+9.71809E-3	-5.20102E-2
+5.32320E+0	-9.24465E-1	-3.09930E-3	-5.19282E-2
+5.33790E+0	-9.19000E-1	+4.83527E-3	-5.18528E-2
+5.35270E+0	-9.13314E-1	+6.36115E-3	-5.17701E-2
+5.36740E+0	-9.07484E-1	+3.15681E-3	-5.16747E-2
+5.38210E+0	-9.01473E-1	+4.10225E-4	-5.15788E-2
+5.39690E+0	-8.95241E-1	+7.65815E-3	-5.14769E-2
+5.41160E+0	-8.88873E-1	+7.12409E-3	-5.13628E-2
+5.42640E+0	-8.82283E-1	+7.96333E-3	-5.12434E-2
+5.44110E+0	-8.75561E-1	+3.15681E-3	-5.11210E-2
+5.45590E+0	-8.68618E-1	+4.53010E-3	-5.10024E-2
+5.47060E+0	-8.61549E-1	+1.33802E-2	-5.08627E-2
+5.48540E+0	-8.54259E-1	+1.88734E-2	-5.07005E-2
+5.50010E+0	-8.46848E-1	+1.14728E-2	-5.05469E-2
+5.51490E+0	-8.39217E-1	+1.01759E-2	-5.03842E-2
+5.52960E+0	-8.31470E-1	+1.23121E-2	-5.02103E-2
+5.54430E+0	-8.23557E-1	+9.26032E-3	-5.00202E-2
+5.55910E+0	-8.15426E-1	+8.11591E-3	-4.98304E-2
+5.57380E+0	-8.07187E-1	+1.12440E-2	-4.96301E-2
+5.58860E+0	-7.98730E-1	+9.87067E-3	-4.94039E-2
+5.60330E+0	-7.90171E-1	+6.51374E-3	-4.91795E-2
+5.61810E+0	-7.81396E-1	+1.63557E-2	-4.89317E-2
+5.63280E+0	-7.72524E-1	+1.64320E-2	-4.86972E-2
+5.64760E+0	-7.63436E-1	+2.48243E-2	-4.84397E-2
+5.66230E+0	-7.54258E-1	+1.46009E-2	-4.81615E-2
+5.67710E+0	-7.44866E-1	+2.68842E-2	-4.78810E-2
+5.69180E+0	-7.35389E-1	+1.59742E-2	-4.75882E-2
+5.70650E+0	-7.25766E-1	+3.07752E-2	-4.72677E-2
+5.72130E+0	-7.15932E-1	+1.78815E-2	-4.69695E-2
+5.73600E+0	-7.06021E-1	+1.62794E-2	-4.65954E-2
+5.75080E+0	-6.95902E-1	+4.07697E-2	-4.62646E-2
+5.76550E+0	-6.85712E-1	+1.52113E-2	-4.59140E-2
+5.78030E+0	-6.75315E-1	+2.25355E-2	-4.54958E-2
+5.79500E+0	-6.64854E-1	+4.55762E-2	-4.51446E-2
+5.80980E+0	-6.54189E-1	+7.35297E-3	-4.47442E-2
+5.82450E+0	-6.43465E-1	+1.79578E-2	-4.42682E-2
+5.83930E+0	-6.32539E-1	+5.12983E-2	-4.38381E-2
+5.85400E+0	-6.21560E-1	+3.64210E-2	-4.34228E-2
+5.86870E+0	-6.10459E-1	+2.67316E-2	-4.29416E-2
+5.88350E+0	-5.99159E-1	+2.26118E-2	-4.24417E-2
+5.89820E+0	-5.87816E-1	+3.43610E-2	-4.19311E-2
+5.91300E+0	-5.76278E-1	+3.51240E-2	-4.14191E-2
+5.92770E+0	-5.64704E-1	+4.54237E-2	-4.08986E-2
+5.94250E+0	-5.52937E-1	+4.57288E-2	-4.03551E-2
+5.95720E+0	-5.41139E-1	+4.54237E-2	-3.97888E-2
+5.97200E+0	-5.29153E-1	+4.38215E-2	-3.92127E-2
+5.98670E+0	-5.17142E-1	+4.54999E-2	-3.86083E-2
+6.00150E+0	-5.04946E-1	+4.59577E-2	-3.79997E-2
+6.01620E+0	-4.92731E-1	+5.00013E-2	-3.73510E-2
+6.03100E+0	-4.80335E-1	+4.81702E-2	-3.67144E-2
+6.04570E+0	-4.67926E-1	+4.82465E-2	-3.60405E-2
+6.06040E+0	-4.55425E-1	+5.36634E-2	-3.53793E-2
+6.07520E+0	-4.42747E-1	+5.65626E-2	-3.46386E-2
+6.08990E+0	-4.30067E-1	+5.25190E-2	-3.39428E-2
+6.10470E+0	-4.17214E-1	+5.74018E-2	-3.31801E-2
+6.11940E+0	-4.04365E-1	+5.10694E-2	-3.24280E-2
+6.13420E+0	-3.91347E-1	+5.45789E-2	-3.16366E-2
+6.14890E+0	-3.78339E-1	+5.65626E-2	-3.08585E-2
+6.16370E+0	-3.65167E-1	+5.70203E-2	-3.00538E-2
+6.17840E+0	-3.52011E-1	+5.81647E-2	-2.92238E-2
+6.19320E+0	-3.38695E-1	+5.61048E-2	-2.83643E-2
+6.20790E+0	-3.25401E-1	+5.26716E-2	-2.75193E-2
+6.22260E+0	-3.12043E-1	+5.29768E-2	-2.66320E-2
+6.23740E+0	-2.98531E-1	+5.13746E-2	-2.57369E-2
+6.25210E+0	-2.85051E-1	+6.45734E-2	-2.48309E-2
+6.26690E+0	-2.71422E-1	+7.42628E-2	-2.38690E-2
+6.28160E+0	-2.57831E-1	+6.98377E-2	-2.29082E-2
+6.29640E+0	-2.44096E-1	+7.40339E-2	-2.19003E-2
+6.31110E+0	-2.30405E-1	+7.69331E-2	-2.08846E-2
+6.32590E+0	-2.16575E-1	+7.16688E-2	-1.98363E-2
+6.34060E+0	-2.02795E-1	+5.93092E-2	-1.88011E-2
+6.35540E+0	-1.88880E-1	+5.68677E-2	-1.77572E-2
+6.37010E+0	-1.75022E-1	+6.83118E-2	-1.66944E-2
+6.38480E+0	-1.61129E-1	+7.71619E-2	-1.56178E-2
+6.39960E+0	-1.47110E-1	+8.91401E-2	-1.44925E-2
+6.41430E+0	-1.33156E-1	+9.07423E-2	-1.33807E-2
+6.42910E+0	-1.19080E-1	+8.11292E-2	-1.22191E-2
+6.44380E+0	-1.05075E-1	+6.61756E-2	-1.11071E-2
+6.45860E+0	-9.09542E-2	+5.99195E-2	-1.00089E-2
+6.47330E+0	-7.69106E-2	+7.69331E-2	-8.90378E-3
+6.48810E+0	-6.27561E-2	+8.46387E-2	-7.74969E-3
+6.50280E+0	-4.86846E-2	+9.29548E-2	-6.56995E-3
+6.51760E+0	-3.45077E-2	+9.59302E-2	-5.38316E-3
+6.53230E+0	-2.04197E-2	+7.42628E-2	-4.20998E-3
+6.54700E+0	-6.32763E-3	+6.02247E-2	-3.08505E-3
+6.56180E+0	+7.86157E-3	+6.55653E-2	-1.98128E-3
+6.57650E+0	+2.19533E-2	+8.92927E-2	-8.25507E-4
+6.59130E+0	+3.61366E-2	+8.95216E-2	+3.50513E-4
+6.60600E+0	+5.02167E-2	+9.13526E-2	+1.53362E-3
+6.62080E+0	+6.43826E-2	+8.52491E-2	+2.70292E-3
+6.63550E+0	+7.84400E-2	+6.61756E-2	+3.84493E-3
+6.65030E+0	+9.25772E-2	+6.44208E-2	+4.95680E-3
+6.66500E+0	+1.06600E-1	+7.44916E-2	+6.05078E-3
+6.67980E+0	+1.20698E-1	+8.32654E-2	+7.18130E-3
+6.69450E+0	+1.34676E-1	+8.78431E-2	+8.30358E-3
+6.70920E+0	+1.48627E-1	+8.76142E-2	+9.43713E-3
+6.72400E+0	+1.62643E-1	+6.51075E-2	+1.05075E-2
+6.73870E+0	+1.76532E-1	+6.07587E-2	+1.15611E-2
+6.75350E+0	+1.90481E-1	+6.35816E-2	+1.26123E-2
+6.76820E+0	+2.04297E-1	+7.41865E-2	+1.36433E-2
+6.78300E+0	+2.18166E-1	+7.86878E-2	+1.46961E-2
+6.79770E+0	+2.31898E-1	+7.70093E-2	+1.57206E-2
+6.81250E+0	+2.45676E-1	+7.23554E-2	+1.67598E-2
+6.82720E+0	+2.59313E-1	+6.33527E-2	+1.77441E-2
+6.84200E+0	+2.72990E-1	+5.76307E-2	+1.87262E-2
+6.85670E+0	+2.86521E-1	+5.68677E-2	+1.96784E-2
+6.87140E+0	+2.99995E-1	+6.17506E-2	+2.06173E-2
+6.88620E+0	+3.13500E-1	+6.63282E-2	+2.15491E-2
+6.90090E+0	+3.26851E-1	+6.53364E-2	+2.24730E-2
+6.91570E+0	+3.40228E-1	+6.63282E-2	+2.34028E-2
+6.93040E+0	+3.53446E-1	+6.15217E-2	+2.42903E-2
+6.94520E+0	+3.66684E-1	+6.34290E-2	+2.51799E-2
+6.95990E+0	+3.79759E-1	+6.09876E-2	+2.60442E-2
+6.97470E+0	+3.92846E-1	+5.96143E-2	+2.69063E-2
+6.98940E+0	+4.05767E-1	+5.74781E-2	+2.77214E-2
+7.00420E+0	+4.18695E-1	+5.04591E-2	+2.85391E-2
+7.01890E+0	+4.31451E-1	+4.74073E-2	+2.93261E-2
+7.03370E+0	+4.44208E-1	+4.45081E-2	+3.01217E-2
+7.04840E+0	+4.56790E-1	+4.57288E-2	+3.08660E-2
+7.06310E+0	+4.69282E-1	+4.33637E-2	+3.16344E-2
+7.07790E+0	+4.81764E-1	+4.24482E-2	+3.23591E-2
+7.09260E+0	+4.94066E-1	+4.52711E-2	+3.30949E-2
+7.10740E+0	+5.06352E-1	+3.97779E-2	+3.37916E-2
+7.12210E+0	+5.18454E-1	+4.02357E-2	+3.44885E-2
+7.13690E+0	+5.30535E-1	+3.87861E-2	+3.51661E-2
+7.15160E+0	+5.42429E-1	+3.55817E-2	+3.58359E-2
+7.16640E+0	+5.54294E-1	+3.64210E-2	+3.64828E-2
+7.18110E+0	+5.65969E-1	+3.19196E-2	+3.71303E-2
+7.19590E+0	+5.77610E-1	+4.29822E-2	+3.77540E-2
+7.21060E+0	+5.89057E-1	+4.03883E-2	+3.83610E-2
+7.22530E+0	+6.00386E-1	+4.51948E-2	+3.89316E-2
+7.24010E+0	+6.11673E-1	+4.45081E-2	+3.95030E-2
+7.25480E+0	+6.22761E-1	+3.29114E-2	+4.00532E-2
+7.26960E+0	+6.33800E-1	+3.30640E-2	+4.06102E-2
+7.28430E+0	+6.44638E-1	+3.12330E-2	+4.11451E-2
+7.29910E+0	+6.55420E-1	+4.76362E-2	+4.16526E-2
+7.31380E+0	+6.65999E-1	+3.68024E-2	+4.21336E-2
+7.32860E+0	+6.76516E-1	+1.66608E-2	+4.26434E-2
+7.34330E+0	+6.86828E-1	+3.06226E-2	+4.31446E-2
+7.35810E+0	+6.97071E-1	+4.09223E-2	+4.35736E-2
+7.37280E+0	+7.07107E-1	+2.14674E-2	+4.40103E-2
+7.38750E+0	+7.17002E-1	+2.53583E-2	+4.44776E-2
+7.40230E+0	+7.26820E-1	+4.45081E-2	+4.48614E-2
+7.41700E+0	+7.36428E-1	+2.39387E-3	+4.52911E-2
+7.43180E+0	+7.45952E-1	+3.87098E-2	+4.57044E-2
+7.44650E+0	+7.55264E-1	+1.97126E-2	+4.60412E-2
+7.46130E+0	+7.64488E-1	+2.22303E-2	+4.64624E-2
+7.47600E+0	+7.73497E-1	+2.53583E-2	+4.67801E-2
+7.49080E+0	+7.82412E-1	+2.19251E-2	+4.71730E-2
+7.50550E+0	+7.91111E-1	+2.37562E-2	+4.74674E-2
+7.52030E+0	+7.99710E-1	+2.66553E-2	+4.78055E-2
+7.53500E+0	+8.08092E-1	+1.52113E-2	+4.81213E-2
+7.54970E+0	+8.16313E-1	+2.29169E-2	+4.84058E-2
+7.56450E+0	+8.24427E-1	+2.17725E-2	+4.87081E-2
+7.57920E+0	+8.32321E-1	+1.49061E-2	+4.89918E-2
+7.59400E+0	+8.40102E-1	+1.87208E-2	+4.92510E-2
+7.60870E+0	+8.47663E-1	+2.24592E-2	+4.95147E-2
+7.62350E+0	+8.55105E-1	+2.28406E-2	+4.97774E-2
+7.63820E+0	+8.62327E-1	+1.40668E-2	+5.00083E-2
+7.65300E+0	+8.69425E-1	+1.13966E-2	+5.02435E-2
+7.66770E+0	+8.76301E-1	+1.16254E-2	+5.04702E-2
+7.68250E+0	+8.83049E-1	+1.29224E-2	+5.06827E-2
+7.69720E+0	+8.89574E-1	+1.23121E-2	+5.08812E-2
+7.71190E+0	+8.95924E-1	+1.33039E-2	+5.10863E-2
+7.72670E+0	+9.02136E-1	+1.55164E-2	+5.12745E-2
+7.74140E+0	+9.08127E-1	+9.87067E-3	+5.14593E-2
+7.75620E+0	+9.13976E-1	+1.29224E-2	+5.16297E-2
+7.77090E+0	+9.19604E-1	+8.26850E-3	+5.18004E-2
+7.78570E+0	+9.25086E-1	+1.02058E-3	+5.19698E-2
+7.80040E+0	+9.30346E-1	+1.22358E-2	+5.21267E-2
+7.81520E+0	+9.35455E-1	+1.23121E-2	+5.22681E-2
+7.82990E+0	+9.40343E-1	+7.27668E-3	+5.24077E-2
+7.84470E+0	+9.45076E-1	+9.41291E-3	+5.25405E-2
+7.85940E+0	+9.49588E-1	+2.24128E-3	+5.26578E-2
+7.87420E+0	+9.53941E-1	+3.30940E-3	+5.27896E-2
+7.88890E+0	+9.58074E-1	+7.96333E-3	+5.28994E-2
+7.90360E+0	+9.62017E-1	+1.22358E-2	+5.29972E-2
+7.91840E+0	+9.65793E-1	+9.87067E-3	+5.31085E-2
+7.93310E+0	+9.69352E-1	-3.52714E-4	+5.32003E-2
+7.94790E+0	+9.72740E-1	+1.18543E-2	+5.32942E-2
+7.96260E+0	+9.75912E-1	+1.29987E-2	+5.33846E-2
+7.97740E+0	+9.78909E-1	+1.15491E-2	+5.34643E-2
+7.99210E+0	+9.81691E-1	+9.26032E-3	+5.35220E-2
+8.00690E+0	+9.84295E-1	+6.89521E-3	+5.35929E-2
+8.02160E+0	+9.86685E-1	+1.09687E-3	+5.36565E-2
+8.03640E+0	+9.88893E-1	+1.85981E-3	+5.37186E-2
+8.05110E+0	+9.90890E-1	+1.67371E-2	+5.37662E-2
+8.06580E+0	+9.92689E-1	-4.93035E-3	+5.38018E-2
+8.08060E+0	+9.94302E-1	-1.11565E-3	+5.38389E-2
+8.09530E+0	+9.95706E-1	-2.94671E-3	+5.38760E-2
+8.11010E+0	+9.96919E-1	+1.44483E-2	+5.39063E-2
+8.12480E+0	+9.97925E-1	+9.44283E-4	+5.39260E-2
+8.13960E+0	+9.98738E-1	-1.49712E-3	+5.39467E-2
+8.15430E+0	+9.99347E-1	+4.68269E-3	+5.39664E-2
+8.16910E+0	+9.99759E-1	+2.24128E-3	+5.39651E-2
+8.18380E+0	+9.99969E-1	+1.24946E-3	+5.39824E-2
+8.19860E+0	+9.99980E-1	+2.01240E-3	+5.39821E-2
+8.21330E+0	+9.99791E-1	-1.57342E-3	+5.39680E-2
+8.22800E+0	+9.99404E-1	+1.81343E-4	+5.39681E-2
+8.24280E+0	+9.98814E-1	-3.55706E-3	+5.39653E-2
+8.25750E+0	+9.98029E-1	-8.86772E-4	+5.39615E-2
+8.27230E+0	+9.97038E-1	-2.18377E-3	+5.39509E-2
+8.28700E+0	+9.95855E-1	-1.18731E-2	+5.39315E-2
+8.30180E+0	+9.94464E-1	+2.57637E-4	+5.39215E-2
+8.31650E+0	+9.92885E-1	-3.09930E-3	+5.39052E-2
+8.33130E+0	+9.91095E-1	+3.15681E-3	+5.38903E-2
+8.34600E+0	+9.89120E-1	-8.36358E-3	+5.38757E-2
+8.36080E+0	+9.86933E-1	+3.00422E-3	+5.38615E-2
+8.37550E+0	+9.84564E-1	+5.82710E-3	+5.38415E-2
+8.39020E+0	+9.82000E-1	-1.15679E-2	+5.38121E-2
+8.40500E+0	+9.79221E-1	+2.69904E-3	+5.37769E-2
+8.41970E+0	+9.76266E-1	-4.75386E-5	+5.37432E-2
+8.43450E+0	+9.73095E-1	+2.24128E-3	+5.37071E-2
+8.44920E+0	+9.69751E-1	-5.08294E-3	+5.36711E-2
+8.46400E+0	+9.66190E-1	-1.87859E-3	+5.36317E-2
+8.47870E+0	+9.62460E-1	+4.10225E-4	+5.35775E-2
+8.49350E+0	+9.58512E-1	-5.23553E-3	+5.35355E-2
+8.50820E+0	+9.54400E-1	+2.08869E-3	+5.34811E-2
+8.52300E+0	+9.50068E-1	-3.17559E-3	+5.34191E-2
+8.53770E+0	+9.45576E-1	-6.15105E-3	+5.33603E-2
+8.55240E+0	+9.40896E-1	-6.15105E-3	+5.32942E-2
+8.56720E+0	+9.35996E-1	-1.87859E-3	+5.32274E-2
+8.58190E+0	+9.30942E-1	-7.75323E-3	+5.31537E-2
+8.59670E+0	+9.25667E-1	-2.76420E-4	+5.30690E-2
+8.61140E+0	+9.20243E-1	-1.17968E-2	+5.29918E-2
+8.62620E+0	+9.14598E-1	-7.67693E-3	+5.28969E-2
+8.64090E+0	+9.08808E-1	-3.63335E-3	+5.28066E-2
+8.65570E+0	+9.02797E-1	-8.89764E-3	+5.27050E-2
+8.67040E+0	+8.96646E-1	-5.84588E-3	+5.25898E-2
+8.68520E+0	+8.90274E-1	-6.68511E-3	+5.24830E-2
+8.69990E+0	+8.83767E-1	-7.67693E-3	+5.23625E-2
+8.71460E+0	+8.77085E-1	-1.65270E-2	+5.22320E-2
+8.72940E+0	+8.70181E-1	-1.34753E-2	+5.20855E-2
+8.74410E+0	+8.63151E-1	-5.69329E-3	+5.19405E-2
+8.75890E+0	+8.55900E-1	-5.38811E-3	+5.18005E-2
+8.77360E+0	+8.48526E-1	-1.50012E-2	+5.16375E-2
+8.78840E+0	+8.40933E-1	-1.57641E-2	+5.14646E-2
+8.80310E+0	+8.33223E-1	-1.59167E-2	+5.12911E-2
+8.81790E+0	+8.25294E-1	-1.34753E-2	+5.11054E-2
+8.83260E+0	+8.17253E-1	-1.94262E-2	+5.09033E-2
+8.84740E+0	+8.08994E-1	-1.51537E-2	+5.06929E-2
+8.86210E+0	+8.00630E-1	-1.33990E-2	+5.04834E-2
+8.87690E+0	+7.92048E-1	-2.20202E-2	+5.02486E-2
+8.89160E+0	+7.83366E-1	-1.43908E-2	+5.00145E-2
+8.90630E+0	+7.74529E-1	-2.09521E-2	+4.97594E-2
+8.92110E+0	+7.65476E-1	-1.37042E-2	+4.94866E-2
+8.93580E+0	+7.56331E-1	-1.86633E-2	+4.92218E-2
+8.95060E+0	+7.46973E-1	-1.34753E-2	+4.89176E-2
+8.96530E+0	+7.37529E-1	-2.77422E-2	+4.86170E-2
+8.98010E+0	+7.27873E-1	-1.48486E-2	+4.83069E-2
+8.99480E+0	+7.18137E-1	-2.96496E-2	+4.79674E-2
+9.00960E+0	+7.08191E-1	-2.33935E-2	+4.76579E-2
+9.02430E+0	+6.98170E-1	-1.56878E-2	+4.72712E-2
+9.03910E+0	+6.87942E-1	-3.68975E-2	+4.69205E-2
+9.05380E+0	+6.77645E-1	-1.88158E-2	+4.65606E-2
+9.06850E+0	+6.67214E-1	-1.50012E-2	+4.61145E-2
+9.08330E+0	+6.56578E-1	-5.42925E-2	+4.57233E-2
+9.09800E+0	+6.45883E-1	-2.43853E-2	+4.53399E-2
+9.11280E+0	+6.34986E-1	-8.74505E-3	+4.48663E-2
+9.12750E+0	+6.24036E-1	-4.10937E-2	+4.43908E-2
+9.14230E+0	+6.12886E-1	-4.08648E-2	+4.39511E-2
+9.15700E+0	+6.01689E-1	-3.68212E-2	+4.34655E-2
+9.17180E+0	+5.90295E-1	-2.65978E-2	+4.29733E-2
+9.18650E+0	+5.78861E-1	-3.11755E-2	+4.24428E-2
+9.20130E+0	+5.67233E-1	-2.93444E-2	+4.19000E-2
+9.21600E+0	+5.55570E-1	-2.98022E-2	+4.13372E-2
+9.23070E+0	+5.43797E-1	-3.88049E-2	+4.07860E-2
+9.24550E+0	+5.31835E-1	-3.60583E-2	+4.01823E-2
+9.26020E+0	+5.19847E-1	-4.39166E-2	+3.96005E-2
+9.27500E+0	+5.07674E-1	-3.88049E-2	+3.89699E-2
+9.28970E+0	+4.95482E-1	-4.17040E-2	+3.83561E-2
+9.30450E+0	+4.83107E-1	-4.38403E-2	+3.77016E-2
+9.31920E+0	+4.70720E-1	-4.73498E-2	+3.70400E-2
+9.33400E+0	+4.58154E-1	-4.07885E-2	+3.63463E-2
+9.34870E+0	+4.45582E-1	-4.63580E-2	+3.56664E-2
+9.36350E+0	+4.32835E-1	-4.22381E-2	+3.49312E-2
+9.37820E+0	+4.20087E-1	-4.20855E-2	+3.42181E-2
+9.39290E+0	+4.07256E-1	-4.96386E-2	+3.34620E-2
+9.40770E+0	+3.94256E-1	-4.60528E-2	+3.27056E-2
+9.42240E+0	+3.81266E-1	-5.16222E-2	+3.19170E-2
+9.43720E+0	+3.68110E-1	-5.76495E-2	+3.11056E-2
+9.45190E+0	+3.54970E-1	-5.43688E-2	+3.02738E-2
+9.46670E+0	+3.41670E-1	-5.74969E-2	+2.94361E-2
+9.48140E+0	+3.28391E-1	-6.00909E-2	+2.85581E-2
+9.49620E+0	+3.14956E-1	-6.58129E-2	+2.76720E-2
+9.51090E+0	+3.01549E-1	-6.90936E-2	+2.67686E-2
+9.52570E+0	+2.87990E-1	-6.74914E-2	+2.58428E-2
+9.54040E+0	+2.74466E-1	-6.10827E-2	+2.48945E-2
+9.55510E+0	+2.60887E-1	-5.61999E-2	+2.39356E-2
+9.56990E+0	+2.47163E-1	-5.92516E-2	+2.29802E-2
+9.58460E+0	+2.33483E-1	-6.69573E-2	+2.19766E-2
+9.59940E+0	+2.19662E-1	-7.07720E-2	+2.09586E-2
+9.61410E+0	+2.05892E-1	-7.80962E-2	+1.99143E-2
+9.62890E+0	+1.91986E-1	-8.39709E-2	+1.88592E-2
+9.64360E+0	+1.78136E-1	-8.09191E-2	+1.77664E-2
+9.65840E+0	+1.64157E-1	-6.94750E-2	+1.66622E-2
+9.67310E+0	+1.50238E-1	-6.26086E-2	+1.56024E-2
+9.68790E+0	+1.36196E-1	-5.90228E-2	+1.44929E-2
+9.70260E+0	+1.22220E-1	-6.73388E-2	+1.34170E-2
+9.71740E+0	+1.08126E-1	-8.42761E-2	+1.22934E-2
+9.73210E+0	+9.41045E-2	-9.58727E-2	+1.11603E-2
+9.74680E+0	+8.00647E-2	-8.24450E-2	+1.00027E-2
+9.76160E+0	+6.59134E-2	-6.66522E-2	+8.86498E-3
+9.77630E+0	+5.18445E-2	-6.47448E-2	+7.76322E-3
+9.79110E+0	+3.76695E-2	-6.48211E-2	+6.63823E-3
+9.80580E+0	+2.35828E-2	-7.93932E-2	+5.51833E-3
+9.82060E+0	+9.39549E-3	-8.91589E-2	+4.34341E-3
+9.83530E+0	-4.69780E-3	-8.54205E-2	+3.17998E-3
+9.85010E+0	-1.88860E-2	-7.23742E-2	+2.02333E-3
+9.86480E+0	-3.29746E-2	-6.68810E-2	+8.79985E-4
+9.87960E+0	-4.71524E-2	-6.45159E-2	-2.42198E-4
+9.89430E+0	-6.12250E-2	-7.03906E-2	-1.37024E-3
+9.90900E+0	-7.52855E-2	-8.93877E-2	-2.49338E-3
+9.92380E+0	-8.94265E-2	-9.41943E-2	-3.65725E-3
+9.93850E+0	-1.03454E-1	-7.96221E-2	-4.77243E-3
+9.95330E+0	-1.17556E-1	-6.44396E-2	-5.87499E-3
+9.96800E+0	-1.31540E-1	-6.07775E-2	-6.94759E-3
+9.98280E+0	-1.45592E-1	-6.75677E-2	-7.98120E-3
+9.99750E+0	-1.59521E-1	-7.64941E-2	-9.06322E-3
+1.00123E+1	-1.73512E-1	-8.76330E-2	-1.01310E-2
+1.00270E+1	-1.87374E-1	-7.89355E-2	-1.12067E-2
+1.00418E+1	-2.01292E-1	-6.93224E-2	-1.22409E-2
+1.00565E+1	-2.15077E-1	-5.66576E-2	-1.32510E-2
+1.00712E+1	-2.28819E-1	-6.01672E-2	-1.42461E-2
+1.00860E+1	-2.42608E-1	-6.64233E-2	-1.52224E-2
+1.01007E+1	-2.56256E-1	-6.65759E-2	-1.62165E-2
+1.01155E+1	-2.69945E-1	-7.03143E-2	-1.71842E-2
+1.01302E+1	-2.83488E-1	-7.39764E-2	-1.81505E-2
+1.01450E+1	-2.97066E-1	-7.10009E-2	-1.90865E-2
+1.01597E+1	-3.10494E-1	-6.26849E-2	-2.00244E-2
+1.01745E+1	-3.23950E-1	-5.71154E-2	-2.09407E-2
+1.01892E+1	-3.37251E-1	-4.79601E-2	-2.18088E-2
+1.02040E+1	-3.50575E-1	-5.25378E-2	-2.26893E-2
+1.02187E+1	-3.63738E-1	-6.15405E-2	-2.35478E-2
+1.02334E+1	-3.76830E-1	-5.63525E-2	-2.43922E-2
+1.02482E+1	-3.89935E-1	-5.80309E-2	-2.52175E-2
+1.02629E+1	-4.02873E-1	-5.19274E-2	-2.60532E-2
+1.02777E+1	-4.15819E-1	-5.23852E-2	-2.68561E-2
+1.02924E+1	-4.28595E-1	-5.61999E-2	-2.76589E-2
+1.03072E+1	-4.41371E-1	-5.24615E-2	-2.84324E-2
+1.03219E+1	-4.53973E-1	-5.36059E-2	-2.92013E-2
+1.03367E+1	-4.66570E-1	-6.01672E-2	-2.99533E-2
+1.03514E+1	-4.78989E-1	-4.97912E-2	-3.06913E-2
+1.03662E+1	-4.91396E-1	-5.78021E-2	-3.13817E-2
+1.03809E+1	-5.03621E-1	-5.65051E-2	-3.21150E-2
+1.03956E+1	-5.15746E-1	-5.26904E-2	-3.27862E-2
+1.04104E+1	-5.27851E-1	-5.04778E-2	-3.34728E-2
+1.04251E+1	-5.39768E-1	-5.13934E-2	-3.41138E-2
+1.04399E+1	-5.51658E-1	-4.66631E-2	-3.47656E-2
+1.04546E+1	-5.63358E-1	-4.36877E-2	-3.53814E-2
+1.04694E+1	-5.75024E-1	-3.56768E-2	-3.60110E-2
+1.04841E+1	-5.86497E-1	-3.20910E-2	-3.65797E-2
+1.04989E+1	-5.97930E-1	-4.06359E-2	-3.72004E-2
+1.05136E+1	-6.09167E-1	-3.64398E-2	-3.77583E-2
+1.05284E+1	-6.20358E-1	-4.96386E-2	-3.83293E-2
+1.05431E+1	-6.31350E-1	-3.33117E-2	-3.88482E-2
+1.05578E+1	-6.42216E-1	-2.84289E-2	-3.93832E-2
+1.05726E+1	-6.53028E-1	-2.62164E-2	-3.99161E-2
+1.05873E+1	-6.63636E-1	-3.57531E-2	-4.04224E-2
+1.06021E+1	-6.74183E-1	-4.21618E-2	-4.08889E-2
+1.06168E+1	-6.84525E-1	-2.10284E-2	-4.13350E-2
+1.06316E+1	-6.94799E-1	-2.60638E-2	-4.18409E-2
+1.06463E+1	-7.04866E-1	-4.45269E-2	-4.22620E-2
+1.06611E+1	-7.14860E-1	-2.17150E-2	-4.26865E-2
+1.06758E+1	-7.24644E-1	-1.89684E-2	-4.31521E-2
+1.06906E+1	-7.34349E-1	-5.03252E-2	-4.35182E-2
+1.07053E+1	-7.43842E-1	-5.46441E-3	-4.39178E-2
+1.07201E+1	-7.53250E-1	-3.54479E-2	-4.43305E-2
+1.07348E+1	-7.62444E-1	-1.86633E-2	-4.46559E-2
+1.07495E+1	-7.71488E-1	-2.27831E-2	-4.50566E-2
+1.07643E+1	-7.80438E-1	-2.18676E-2	-4.53680E-2
+1.07790E+1	-7.89172E-1	-2.49957E-2	-4.57306E-2
+1.07938E+1	-7.97806E-1	-1.14153E-2	-4.60511E-2
+1.08085E+1	-8.06224E-1	-2.69030E-2	-4.63626E-2
+1.08233E+1	-8.14537E-1	-1.34753E-2	-4.66845E-2
+1.08380E+1	-8.22632E-1	-1.36279E-2	-4.69729E-2
+1.08528E+1	-8.30616E-1	-2.30883E-2	-4.72552E-2
+1.08675E+1	-8.38382E-1	-1.87396E-2	-4.75444E-2
+1.08823E+1	-8.46031E-1	-1.49249E-2	-4.78117E-2
+1.08970E+1	-8.53461E-1	-1.74426E-2	-4.80523E-2
+1.09117E+1	-8.60721E-1	-2.44616E-2	-4.83060E-2
+1.09265E+1	-8.67857E-1	-1.72900E-2	-4.85423E-2
+1.09412E+1	-8.74773E-1	-1.04998E-2	-4.87701E-2
+1.09560E+1	-8.81559E-1	-1.30938E-2	-4.89981E-2
+1.09707E+1	-8.88125E-1	-1.86633E-2	-4.92088E-2
+1.09855E+1	-8.94557E-1	-1.37804E-2	-4.94150E-2
+1.10002E+1	-9.00767E-1	-1.31701E-2	-4.96084E-2
+1.10150E+1	-9.06838E-1	-1.18731E-2	-4.98007E-2
+1.10297E+1	-9.12688E-1	-1.48486E-2	-4.99836E-2
+1.10445E+1	-9.18395E-1	-1.24835E-2	-5.01534E-2
+1.10592E+1	-9.23880E-1	-1.75951E-2	-5.03119E-2
+1.10739E+1	-9.29181E-1	-2.21728E-2	-5.04632E-2
+1.10887E+1	-9.34332E-1	-7.06658E-3	-5.06185E-2
+1.11034E+1	-9.39262E-1	-1.38567E-2	-5.07645E-2
+1.11182E+1	-9.44037E-1	-5.38811E-3	-5.09056E-2
+1.11329E+1	-9.48592E-1	-7.21917E-3	-5.10396E-2
+1.11477E+1	-9.52987E-1	-1.53063E-2	-5.11542E-2
+1.11624E+1	-9.57163E-1	-8.51617E-3	-5.12762E-2
+1.11772E+1	-9.61175E-1	-6.99029E-3	-5.13872E-2
+1.11919E+1	-9.64968E-1	-1.01946E-2	-5.14881E-2
+1.12067E+1	-9.68594E-1	-1.11565E-3	-5.15820E-2
+1.12214E+1	-9.72002E-1	-1.31701E-2	-5.16812E-2
+1.12361E+1	-9.75217E-1	-1.10339E-2	-5.17702E-2
+1.12509E+1	-9.78258E-1	-1.01183E-2	-5.18580E-2
+1.12656E+1	-9.81083E-1	-1.46960E-2	-5.19280E-2
+1.12804E+1	-9.83731E-1	-1.87859E-3	-5.20025E-2
+1.12951E+1	-9.86165E-1	+1.63093E-3	-5.20679E-2
+1.13099E+1	-9.88418E-1	+7.15401E-4	-5.21227E-2
+1.13246E+1	-9.90459E-1	+4.98786E-3	-5.22021E-2
+1.13394E+1	-9.92314E-1	-9.81316E-3	-5.22507E-2
+1.13541E+1	-9.93960E-1	-1.03472E-2	-5.22878E-2
+1.13689E+1	-9.95417E-1	-6.68511E-3	-5.23235E-2
+1.13836E+1	-9.96666E-1	-3.09930E-3	-5.23619E-2
+1.13983E+1	-9.97717E-1	-1.08813E-2	-5.24014E-2
+1.14131E+1	-9.98574E-1	-9.63066E-4	-5.24109E-2
+1.14278E+1	-9.99228E-1	+2.47016E-3	-5.24397E-2
+1.14426E+1	-9.99685E-1	+1.63093E-3	-5.24414E-2
+1.14573E+1	-9.99939E-1	-2.56524E-3	-5.24609E-2
+1.14721E+1	-9.99995E-1	-6.57890E-4	-5.24628E-2
+1.14868E+1	-9.99851E-1	+5.62813E-4	-5.24657E-2
+1.15016E+1	-9.99506E-1	-3.70965E-3	-5.24638E-2
+1.15163E+1	-9.98963E-1	-1.49712E-3	-5.24534E-2
+1.15311E+1	-9.98217E-1	+1.85981E-3	-5.24536E-2
+1.15458E+1	-9.97276E-1	-6.22735E-3	-5.24517E-2
+1.15606E+1	-9.96129E-1	-6.30364E-3	-5.24487E-2
+1.15753E+1	-9.94792E-1	-1.08050E-2	-5.24432E-2
+1.15900E+1	-9.93256E-1	-6.99029E-3	-5.24335E-2
+1.16048E+1	-9.91511E-1	-3.52714E-4	-5.24232E-2
+1.16195E+1	-9.89581E-1	-7.37176E-3	-5.23959E-2
+1.16343E+1	-9.87438E-1	+1.09388E-2	-5.23788E-2
+1.16490E+1	-9.85113E-1	+2.15436E-2	-5.23636E-2
+1.16638E+1	-9.82575E-1	+1.54401E-2	-5.23320E-2
+1.16785E+1	-9.79858E-1	+9.44283E-4	-5.23215E-2
+1.16933E+1	-9.76926E-1	-2.79412E-3	-5.22931E-2
+1.17080E+1	-9.73819E-1	-2.03118E-3	-5.22655E-2
+1.17228E+1	-9.70495E-1	+6.05598E-3	-5.22349E-2
+1.17375E+1	-9.67001E-1	+1.47834E-3	-5.22038E-2
+1.17522E+1	-9.63314E-1	-5.05302E-4	-5.21575E-2
+1.17670E+1	-9.59409E-1	+2.85163E-3	-5.21192E-2
+1.17817E+1	-9.55340E-1	-2.03118E-3	-5.20684E-2
+1.17965E+1	-9.51051E-1	+4.22492E-3	-5.20142E-2
+1.18112E+1	-9.46601E-1	+9.56550E-3	-5.19644E-2
+1.18260E+1	-9.41931E-1	+7.12409E-3	-5.19094E-2
+1.18407E+1	-9.37105E-1	+2.54646E-3	-5.18405E-2
+1.18555E+1	-9.32058E-1	+3.46198E-3	-5.17789E-2
+1.18702E+1	-9.26859E-1	+6.36115E-3	-5.16955E-2
+1.18850E+1	-9.21440E-1	+3.15681E-3	-5.16289E-2
+1.18997E+1	-9.15873E-1	+3.15681E-3	-5.15444E-2
+1.19144E+1	-9.10124E-1	+7.12409E-3	-5.14553E-2
+1.19292E+1	-9.04153E-1	+7.27668E-3	-5.13593E-2
+1.19439E+1	-8.98043E-1	+1.19306E-2	-5.12612E-2
+1.19587E+1	-8.91711E-1	+1.06336E-2	-5.11454E-2
+1.19734E+1	-8.85243E-1	+4.22492E-3	-5.10350E-2
+1.19882E+1	-8.78555E-1	+5.90339E-3	-5.09106E-2
+1.20029E+1	-8.71736E-1	+5.52192E-3	-5.07898E-2
+1.20177E+1	-8.64696E-1	+9.87067E-3	-5.06568E-2
+1.20324E+1	-8.57531E-1	+1.27698E-2	-5.05094E-2
+1.20472E+1	-8.50146E-1	+9.56550E-3	-5.03567E-2
+1.20619E+1	-8.42641E-1	+1.18543E-2	-5.01919E-2
+1.20766E+1	-8.34968E-1	+9.41291E-3	-5.00216E-2
+1.20914E+1	-8.27076E-1	+9.56550E-3	-4.98430E-2
+1.21061E+1	-8.19073E-1	+1.05573E-2	-4.96587E-2
+1.21209E+1	-8.10850E-1	+1.32276E-2	-4.94522E-2
+1.21356E+1	-8.02522E-1	+8.87885E-3	-4.92445E-2
+1.21504E+1	-7.93975E-1	+1.36091E-2	-4.90229E-2
+1.21651E+1	-7.85329E-1	+7.88703E-3	-4.87852E-2
+1.21799E+1	-7.76466E-1	+1.62031E-2	-4.85458E-2
+1.21946E+1	-7.67508E-1	+1.54401E-2	-4.82842E-2
+1.22094E+1	-7.58335E-1	+1.95600E-2	-4.80324E-2
+1.22241E+1	-7.49073E-1	+1.19306E-2	-4.77424E-2
+1.22388E+1	-7.39662E-1	+2.23829E-2	-4.74663E-2
+1.22536E+1	-7.30039E-1	+1.43720E-2	-4.71376E-2
+1.22683E+1	-7.20335E-1	+3.31403E-2	-4.68360E-2
+1.22831E+1	-7.10421E-1	+1.49061E-2	-4.65189E-2
+1.22978E+1	-7.00432E-1	+2.39851E-2	-4.61433E-2
+1.23126E+1	-6.90235E-1	+3.68787E-2	-4.58118E-2
+1.23273E+1	-6.79969E-1	+5.21674E-3	-4.54297E-2
+1.23421E+1	-6.69496E-1	+2.98597E-2	-4.50144E-2
+1.23568E+1	-6.58961E-1	+4.32111E-2	-4.46612E-2
+1.23716E+1	-6.48222E-1	+7.27668E-3	-4.42386E-2
+1.23863E+1	-6.37427E-1	+2.89442E-2	-4.37613E-2
+1.24010E+1	-6.26505E-1	+5.09168E-2	-4.33506E-2
+1.24158E+1	-6.15383E-1	+3.38270E-2	-4.29054E-2
+1.24305E+1	-6.04213E-1	+2.44428E-2	-4.24145E-2
+1.24453E+1	-5.92846E-1	+2.90967E-2	-4.19006E-2
+1.24600E+1	-5.81438E-1	+2.75709E-2	-4.13903E-2
+1.24748E+1	-5.69836E-1	+3.09278E-2	-4.08672E-2
+1.24895E+1	-5.58198E-1	+3.93964E-2	-4.03181E-2
+1.25043E+1	-5.46369E-1	+4.01594E-2	-3.97770E-2
+1.25190E+1	-5.34512E-1	+4.92384E-2	-3.91853E-2
+1.25338E+1	-5.22466E-1	+4.29822E-2	-3.86132E-2
+1.25485E+1	-5.10397E-1	+4.95435E-2	-3.79905E-2
+1.25633E+1	-4.98145E-1	+4.77125E-2	-3.73737E-2
+1.25780E+1	-4.85875E-1	+4.89332E-2	-3.67130E-2
+1.25927E+1	-4.73509E-1	+4.69495E-2	-3.60896E-2
+1.26075E+1	-4.60964E-1	+5.15272E-2	-3.53842E-2
+1.26222E+1	-4.48412E-1	+4.46607E-2	-3.47103E-2
+1.26370E+1	-4.35684E-1	+4.84754E-2	-3.39690E-2
+1.26517E+1	-4.22956E-1	+4.03120E-2	-3.32611E-2
+1.26665E+1	-4.10056E-1	+4.23719E-2	-3.25070E-2
+1.26812E+1	-3.97162E-1	+4.51185E-2	-3.17466E-2
+1.26960E+1	-3.84100E-1	+4.80176E-2	-3.09656E-2
+1.27107E+1	-3.71050E-1	+5.51893E-2	-3.01770E-2
+1.27255E+1	-3.57837E-1	+5.99195E-2	-2.93610E-2
+1.27402E+1	-3.44641E-1	+6.44971E-2	-2.85095E-2
+1.27549E+1	-3.31378E-1	+6.00721E-2	-2.76656E-2
+1.27697E+1	-3.17957E-1	+6.77015E-2	-2.67717E-2
+1.27844E+1	-3.04564E-1	+6.57178E-2	-2.58747E-2
+1.27992E+1	-2.91019E-1	+6.27424E-2	-2.49441E-2
+1.28139E+1	-2.77507E-1	+6.00721E-2	-2.40239E-2
+1.28287E+1	-2.63847E-1	+5.35108E-2	-2.30696E-2
+1.28434E+1	-2.50227E-1	+5.99195E-2	-2.21157E-2
+1.28582E+1	-2.36465E-1	+6.25898E-2	-2.11080E-2
+1.28729E+1	-2.22748E-1	+7.54072E-2	-2.00947E-2
+1.28877E+1	-2.08893E-1	+7.91456E-2	-1.90410E-2
+1.29024E+1	-1.95090E-1	+8.31129E-2	-1.79492E-2
+1.29171E+1	-1.81249E-1	+7.63227E-2	-1.68886E-2
+1.29319E+1	-1.67277E-1	+7.18214E-2	-1.57889E-2
+1.29466E+1	-1.53366E-1	+5.53419E-2	-1.47168E-2
+1.29614E+1	-1.39329E-1	+5.99195E-2	-1.36313E-2
+1.29761E+1	-1.25360E-1	+7.63990E-2	-1.25375E-2
+1.29909E+1	-1.11270E-1	+8.48676E-2	-1.14010E-2
+1.30056E+1	-9.72538E-2	+9.01319E-2	-1.02350E-2
+1.30204E+1	-8.31224E-2	+8.50202E-2	-9.08487E-3
+1.30351E+1	-6.90700E-2	+6.70911E-2	-7.94264E-3
+1.30499E+1	-5.49081E-2	+6.06824E-2	-6.81653E-3
+1.30646E+1	-4.08309E-2	+6.38105E-2	-5.70322E-3
+1.30793E+1	-2.67456E-2	+8.27314E-2	-4.55539E-3
+1.30941E+1	-1.25591E-2	+9.28022E-2	-3.36281E-3
+1.31088E+1	+1.53398E-3	+9.86768E-2	-2.14405E-3
+1.31236E+1	+1.57227E-2	+7.19739E-2	-1.00871E-3
+1.31383E+1	+2.98123E-2	+5.93854E-2	+1.19322E-4
+1.31531E+1	+4.39919E-2	+6.73963E-2	+1.25766E-3
+1.31678E+1	+5.80668E-2	+7.10584E-2	+2.38927E-3
+1.31826E+1	+7.22259E-2	+8.47150E-2	+3.54453E-3
+1.31973E+1	+8.62749E-2	+9.65406E-2	+4.71001E-3
+1.32121E+1	+1.00402E-1	+8.11292E-2	+5.88822E-3
+1.32268E+1	+1.14414E-1	+6.46497E-2	+6.97693E-3
+1.32415E+1	+1.28403E-1	+5.88514E-2	+8.06117E-3
+1.32563E+1	+1.42461E-1	+6.83118E-2	+9.14207E-3
+1.32710E+1	+1.56397E-1	+7.81538E-2	+1.02360E-2
+1.32858E+1	+1.70395E-1	+7.96033E-2	+1.13369E-2
+1.33005E+1	+1.84265E-1	+8.35706E-2	+1.24179E-2
+1.33153E+1	+1.98192E-1	+7.44916E-2	+1.35079E-2
+1.33300E+1	+2.11986E-1	+5.84699E-2	+1.45156E-2
+1.33448E+1	+2.25831E-1	+5.88514E-2	+1.55285E-2
+1.33595E+1	+2.39538E-1	+6.77015E-2	+1.65280E-2
+1.33743E+1	+2.53289E-1	+7.19739E-2	+1.75307E-2
+1.33890E+1	+2.66898E-1	+7.40339E-2	+1.85301E-2
+1.34038E+1	+2.80545E-1	+6.80830E-2	+1.95101E-2
+1.34185E+1	+2.94044E-1	+7.17451E-2	+2.04870E-2
+1.34332E+1	+3.07485E-1	+6.71674E-2	+2.14242E-2
+1.34480E+1	+3.20955E-1	+5.79359E-2	+2.23586E-2
+1.34627E+1	+3.34271E-1	+5.64100E-2	+2.32568E-2
+1.34775E+1	+3.47610E-1	+4.96961E-2	+2.41562E-2
+1.34922E+1	+3.60789E-1	+5.82410E-2	+2.50216E-2
+1.35070E+1	+3.73986E-1	+5.99195E-2	+2.59014E-2
+1.35217E+1	+3.87019E-1	+6.49549E-2	+2.67686E-2
+1.35365E+1	+4.00064E-1	+6.24372E-2	+2.76085E-2
+1.35512E+1	+4.12940E-1	+5.48841E-2	+2.84327E-2
+1.35660E+1	+4.25821E-1	+5.70203E-2	+2.92280E-2
+1.35807E+1	+4.38530E-1	+5.65626E-2	+3.00344E-2
+1.35954E+1	+4.51152E-1	+5.33582E-2	+3.07956E-2
+1.36102E+1	+4.63770E-1	+4.71021E-2	+3.15547E-2
+1.36249E+1	+4.76209E-1	+5.48078E-2	+3.23082E-2
+1.36397E+1	+4.88638E-1	+4.12275E-2	+3.30436E-2
+1.36544E+1	+5.00885E-1	+5.02302E-2	+3.37403E-2
+1.36692E+1	+5.13116E-1	+4.40504E-2	+3.44480E-2
+1.36839E+1	+5.25161E-1	+4.42792E-2	+3.51233E-2
+1.36987E+1	+5.37183E-1	+4.44318E-2	+3.58080E-2
+1.37134E+1	+5.49016E-1	+3.93201E-2	+3.64614E-2
+1.37282E+1	+5.60820E-1	+4.15327E-2	+3.70982E-2
+1.37429E+1	+5.72433E-1	+3.93201E-2	+3.77365E-2
+1.37576E+1	+5.83931E-1	+4.00831E-2	+3.83517E-2
+1.37724E+1	+5.95391E-1	+4.03120E-2	+3.89384E-2
+1.37871E+1	+6.06655E-1	+4.79414E-2	+3.95073E-2
+1.38019E+1	+6.17873E-1	+4.06934E-2	+4.00558E-2
+1.38166E+1	+6.28893E-1	+3.33692E-2	+4.06183E-2
+1.38314E+1	+6.39862E-1	+2.02467E-2	+4.11640E-2
+1.38461E+1	+6.50628E-1	+3.67261E-2	+4.16968E-2
+1.38609E+1	+6.61338E-1	+4.23719E-2	+4.22071E-2
+1.38756E+1	+6.71843E-1	+3.32929E-2	+4.26734E-2
+1.38904E+1	+6.82285E-1	+2.14674E-2	+4.31804E-2
+1.39051E+1	+6.92520E-1	+4.00831E-2	+4.36476E-2
+1.39198E+1	+7.02618E-1	+3.91675E-2	+4.40664E-2
+1.39346E+1	+7.12644E-1	+9.87067E-3	+4.45175E-2
+1.39493E+1	+7.22460E-1	+3.69550E-2	+4.49814E-2
+1.39641E+1	+7.32197E-1	+3.64210E-2	+4.53465E-2
+1.39788E+1	+7.41723E-1	+1.00996E-2	+4.57797E-2
+1.39936E+1	+7.51165E-1	+4.04645E-2	+4.61584E-2
+1.40083E+1	+7.60394E-1	+7.58186E-3	+4.65305E-2
+1.40231E+1	+7.69532E-1	+3.45136E-2	+4.69188E-2
+1.40378E+1	+7.78456E-1	+1.73475E-2	+4.72475E-2
+1.40526E+1	+7.87284E-1	+2.89442E-2	+4.76026E-2
+1.40673E+1	+7.95895E-1	+2.03229E-2	+4.79255E-2
+1.40820E+1	+8.04348E-1	+2.32984E-2	+4.82263E-2
+1.40968E+1	+8.12698E-1	+1.87971E-2	+4.85504E-2
+1.41115E+1	+8.20829E-1	+1.78815E-2	+4.88410E-2
+1.41263E+1	+8.28850E-1	+2.26881E-2	+4.91178E-2
+1.41410E+1	+8.36653E-1	+1.49824E-2	+4.94060E-2
+1.41558E+1	+8.44340E-1	+1.39143E-2	+4.96732E-2
+1.41705E+1	+8.51808E-1	+1.44483E-2	+4.99181E-2
+1.41853E+1	+8.59155E-1	+2.15436E-2	+5.01668E-2
+1.42000E+1	+8.66281E-1	+2.04755E-2	+5.04043E-2
+1.42148E+1	+8.73282E-1	+1.56690E-2	+5.06402E-2
+1.42295E+1	+8.80061E-1	+1.23121E-2	+5.08672E-2
+1.42442E+1	+8.86666E-1	+1.21595E-2	+5.10624E-2
+1.42590E+1	+8.93138E-1	+7.73444E-3	+5.12630E-2
+1.42737E+1	+8.99388E-1	+1.34565E-2	+5.14568E-2
+1.42885E+1	+9.05500E-1	+1.33802E-2	+5.16463E-2
+1.43032E+1	+9.11391E-1	+1.16254E-2	+5.18190E-2
+1.43180E+1	+9.17138E-1	+1.17017E-2	+5.19997E-2
+1.43327E+1	+9.22664E-1	+9.64179E-3	+5.21590E-2
+1.43475E+1	+9.28043E-1	+1.00996E-2	+5.23247E-2
+1.43622E+1	+9.33200E-1	+1.26173E-2	+5.24693E-2
+1.43770E+1	+9.38205E-1	+1.40668E-2	+5.26026E-2
+1.43917E+1	+9.42989E-1	+8.34480E-3	+5.27436E-2
+1.44065E+1	+9.47616E-1	+1.16254E-2	+5.28742E-2
+1.44212E+1	+9.52024E-1	+1.03284E-2	+5.29917E-2
+1.44359E+1	+9.56242E-1	+1.26173E-2	+5.31069E-2
+1.44507E+1	+9.60297E-1	+8.34480E-3	+5.32165E-2
+1.44654E+1	+9.64133E-1	+1.02521E-2	+5.33229E-2
+1.44802E+1	+9.67802E-1	-4.75386E-5	+5.34138E-2
+1.44949E+1	+9.71253E-1	+1.30750E-2	+5.35129E-2
+1.45097E+1	+9.74533E-1	+1.00233E-2	+5.36066E-2
+1.45244E+1	+9.77597E-1	+5.52192E-3	+5.36901E-2
+1.45392E+1	+9.80485E-1	+1.00233E-2	+5.37585E-2
+1.45539E+1	+9.83158E-1	+4.83527E-3	+5.38159E-2
+1.45687E+1	+9.85652E-1	+5.29304E-3	+5.38801E-2
+1.45834E+1	+9.87933E-1	+1.36854E-2	+5.39420E-2
+1.45981E+1	+9.90018E-1	+7.12409E-3	+5.39927E-2
+1.46129E+1	+9.91918E-1	-6.22735E-3	+5.40451E-2
+1.46276E+1	+9.93608E-1	+1.63093E-3	+5.40737E-2
+1.46424E+1	+9.95109E-1	+3.15681E-3	+5.41150E-2
+1.46571E+1	+9.96403E-1	-2.94671E-3	+5.41524E-2
+1.46719E+1	+9.97505E-1	-4.01482E-3	+5.41749E-2
+1.46866E+1	+9.98401E-1	+7.20039E-3	+5.41979E-2
+1.47014E+1	+9.99102E-1	+8.26850E-3	+5.42047E-2
+1.47161E+1	+9.99600E-1	+1.09687E-3	+5.42197E-2
+1.47309E+1	+9.99901E-1	-4.62518E-3	+5.42448E-2
