+0.00000E+0	+0.00000E+0	-6.07476E-3	-3.03738E-7
+1.47000E-2	+1.40930E-2	+4.34400E-2	+5.14962E-4
+2.95000E-2	+2.82790E-2	+4.67969E-2	+1.16892E-3
+4.42000E-2	+4.23635E-2	+4.45081E-2	+1.90026E-3
+5.90000E-2	+5.65354E-2	+5.41212E-2	+2.63744E-3
+7.37000E-2	+7.06002E-2	+6.09113E-2	+3.48150E-3
+8.85000E-2	+8.47465E-2	+5.90040E-2	+4.30729E-3
+1.03200E-1	+9.87804E-2	+6.12928E-2	+5.16256E-3
+1.18000E-1	+1.12890E-1	+5.88514E-2	+5.99910E-3
+1.32700E-1	+1.26882E-1	+4.86280E-2	+6.85536E-3
+1.47500E-1	+1.40943E-1	+4.64918E-2	+7.66440E-3
+1.62200E-1	+1.54881E-1	+6.74726E-2	+8.51009E-3
+1.76900E-1	+1.68789E-1	+5.80884E-2	+9.37738E-3
+1.91700E-1	+1.82757E-1	+6.00721E-2	+1.02091E-2
+2.06400E-1	+1.96595E-1	+5.96906E-2	+1.10821E-2
+2.21200E-1	+2.10487E-1	+5.34345E-2	+1.18840E-2
+2.35900E-1	+2.24243E-1	+4.93146E-2	+1.26975E-2
+2.50700E-1	+2.38048E-1	+5.00013E-2	+1.34905E-2
+2.65400E-1	+2.51712E-1	+5.18323E-2	+1.42918E-2
+2.80200E-1	+2.65419E-1	+6.22083E-2	+1.51031E-2
+2.94900E-1	+2.78980E-1	+5.71729E-2	+1.59078E-2
+3.09700E-1	+2.92577E-1	+5.39686E-2	+1.67126E-2
+3.24400E-1	+3.06025E-1	+5.30530E-2	+1.74768E-2
+3.39100E-1	+3.19411E-1	+5.66389E-2	+1.82463E-2
+3.53900E-1	+3.32825E-1	+4.96198E-2	+1.90010E-2
+3.68600E-1	+3.46081E-1	+4.54999E-2	+1.97601E-2
+3.83400E-1	+3.59358E-1	+4.17615E-2	+2.04719E-2
+3.98100E-1	+3.72474E-1	+4.61103E-2	+2.11943E-2
+4.12900E-1	+3.85605E-1	+4.79414E-2	+2.19210E-2
+4.27600E-1	+3.98569E-1	+5.01539E-2	+2.26126E-2
+4.42400E-1	+4.11542E-1	+5.27479E-2	+2.33230E-2
+4.57100E-1	+4.24346E-1	+5.14509E-2	+2.40007E-2
+4.71900E-1	+4.37151E-1	+4.87043E-2	+2.47002E-2
+4.86600E-1	+4.49783E-1	+4.86280E-2	+2.53627E-2
+5.01400E-1	+4.62410E-1	+4.03883E-2	+2.60347E-2
+5.16100E-1	+4.74860E-1	+4.43555E-2	+2.66847E-2
+5.30800E-1	+4.87215E-1	+3.64210E-2	+2.73324E-2
+5.45600E-1	+4.99557E-1	+4.00831E-2	+2.79410E-2
+5.60300E-1	+5.11716E-1	+3.60395E-2	+2.85620E-2
+5.75100E-1	+5.23855E-1	+3.70313E-2	+2.91601E-2
+5.89800E-1	+5.35807E-1	+3.41321E-2	+2.97559E-2
+6.04600E-1	+5.47734E-1	+3.68024E-2	+3.03450E-2
+6.19300E-1	+5.59470E-1	+3.76417E-2	+3.09052E-2
+6.34100E-1	+5.71174E-1	+4.10749E-2	+3.14764E-2
+6.48800E-1	+5.82685E-1	+4.61103E-2	+3.20160E-2
+6.63600E-1	+5.94158E-1	+4.02357E-2	+3.25469E-2
+6.78300E-1	+6.05435E-1	+4.06171E-2	+3.30552E-2
+6.93000E-1	+6.16591E-1	+2.55872E-2	+3.35645E-2
+7.07800E-1	+6.27700E-1	+2.44428E-2	+3.40935E-2
+7.22500E-1	+6.38608E-1	+2.67316E-2	+3.45949E-2
+7.37300E-1	+6.49463E-1	+4.45844E-2	+3.50827E-2
+7.52000E-1	+6.60114E-1	+4.22193E-2	+3.55412E-2
+7.66800E-1	+6.70706E-1	+1.99415E-2	+3.60133E-2
+7.81500E-1	+6.81093E-1	+2.86390E-2	+3.65132E-2
+7.96300E-1	+6.91413E-1	+4.40504E-2	+3.69385E-2
+8.11000E-1	+7.01526E-1	+2.44428E-2	+3.73606E-2
+8.25800E-1	+7.11567E-1	+1.15491E-2	+3.78438E-2
+8.40500E-1	+7.21398E-1	+5.12220E-2	+3.82521E-2
+8.55200E-1	+7.31086E-1	+1.24647E-2	+3.86364E-2
+8.70000E-1	+7.40694E-1	+2.65028E-2	+3.90916E-2
+8.84700E-1	+7.50088E-1	+3.93201E-2	+3.94318E-2
+8.99500E-1	+7.59396E-1	+9.79438E-3	+3.98646E-2
+9.14200E-1	+7.68490E-1	+4.11512E-2	+4.02140E-2
+9.29000E-1	+7.77492E-1	+1.68897E-2	+4.05887E-2
+9.43700E-1	+7.86278E-1	+2.95545E-2	+4.09285E-2
+9.58500E-1	+7.94965E-1	+2.00941E-2	+4.12872E-2
+9.73200E-1	+8.03436E-1	+2.25355E-2	+4.15924E-2
+9.88000E-1	+8.11803E-1	+2.81812E-2	+4.19346E-2
+1.00270E+0	+8.19952E-1	+2.06281E-2	+4.22459E-2
+1.01740E+0	+8.27938E-1	+1.93311E-2	+4.25317E-2
+1.03220E+0	+8.35812E-1	+2.29169E-2	+4.28436E-2
+1.04690E+0	+8.43466E-1	+2.13148E-2	+4.31282E-2
+1.06170E+0	+8.51003E-1	+1.44483E-2	+4.33939E-2
+1.07640E+0	+8.58320E-1	+1.68897E-2	+4.36595E-2
+1.09120E+0	+8.65514E-1	+1.65845E-2	+4.39190E-2
+1.10590E+0	+8.72487E-1	+1.74238E-2	+4.41806E-2
+1.12070E+0	+8.79332E-1	+2.03992E-2	+4.44341E-2
+1.13540E+0	+8.85956E-1	+1.41431E-2	+4.46538E-2
+1.15020E+0	+8.92447E-1	+9.33662E-3	+4.48859E-2
+1.16490E+0	+8.98717E-1	+1.39905E-2	+4.50953E-2
+1.17960E+0	+9.04807E-1	+1.10151E-2	+4.53108E-2
+1.19440E+0	+9.10758E-1	+1.17780E-2	+4.55025E-2
+1.20910E+0	+9.16487E-1	+1.20069E-2	+4.57056E-2
+1.22390E+0	+9.22072E-1	+9.41291E-3	+4.58924E-2
+1.23860E+0	+9.27434E-1	+1.47535E-2	+4.60770E-2
+1.25340E+0	+9.32647E-1	+1.32276E-2	+4.62366E-2
+1.26810E+0	+9.37639E-1	+9.64179E-3	+4.63907E-2
+1.28290E+0	+9.42477E-1	+9.41291E-3	+4.65630E-2
+1.29760E+0	+9.47094E-1	+1.15491E-2	+4.67103E-2
+1.31240E+0	+9.51553E-1	+9.26032E-3	+4.68596E-2
+1.32710E+0	+9.55792E-1	+3.15681E-3	+4.69870E-2
+1.34180E+0	+9.59841E-1	+8.80256E-3	+4.71215E-2
+1.35660E+0	+9.63725E-1	+1.00233E-2	+4.72425E-2
+1.37130E+0	+9.67391E-1	+3.23310E-3	+4.73621E-2
+1.38610E+0	+9.70887E-1	+2.47016E-3	+4.74712E-2
+1.40080E+0	+9.74166E-1	+1.28461E-2	+4.75611E-2
+1.41560E+0	+9.77273E-1	+1.27698E-2	+4.76697E-2
+1.43030E+0	+9.80163E-1	+1.00233E-2	+4.77432E-2
+1.44510E+0	+9.82877E-1	+2.54646E-3	+4.78331E-2
+1.45980E+0	+9.85376E-1	-2.94671E-3	+4.79152E-2
+1.47460E+0	+9.87694E-1	+1.47834E-3	+4.79720E-2
+1.48930E+0	+9.89800E-1	-3.02300E-3	+4.80511E-2
+1.50410E+0	+9.91722E-1	+1.09388E-2	+4.81101E-2
+1.51880E+0	+9.93433E-1	-5.69329E-3	+4.81582E-2
+1.53350E+0	+9.94947E-1	-3.63335E-3	+4.81985E-2
+1.54830E+0	+9.96271E-1	+4.07233E-3	+4.82416E-2
+1.56300E+0	+9.97388E-1	+3.15681E-3	+4.82726E-2
+1.57780E+0	+9.98313E-1	+4.83527E-3	+4.82840E-2
+1.59250E+0	+9.99032E-1	-3.63335E-3	+4.83129E-2
+1.60730E+0	+9.99556E-1	-5.05302E-4	+4.83377E-2
+1.62200E+0	+9.99876E-1	+8.19221E-3	+4.83596E-2
+1.63680E+0	+9.99999E-1	+2.16499E-3	+4.83585E-2
+1.65150E+0	+9.99921E-1	+2.16499E-3	+4.83547E-2
+1.66630E+0	+9.99642E-1	+8.03962E-3	+4.83425E-2
+1.68100E+0	+9.99166E-1	+1.24946E-3	+4.83409E-2
+1.69570E+0	+9.98491E-1	-7.06658E-3	+4.83308E-2
+1.71050E+0	+9.97612E-1	-9.81316E-3	+4.83264E-2
+1.72520E+0	+9.96539E-1	+2.77534E-3	+4.83064E-2
+1.74000E+0	+9.95260E-1	+3.61457E-3	+4.82963E-2
+1.75470E+0	+9.93790E-1	-3.09930E-3	+4.82818E-2
+1.76950E+0	+9.92111E-1	-8.89764E-3	+4.82589E-2
+1.78420E+0	+9.90246E-1	+5.90339E-3	+4.82384E-2
+1.79900E+0	+9.88170E-1	-1.86633E-2	+4.82062E-2
+1.81370E+0	+9.85910E-1	-2.47668E-2	+4.81936E-2
+1.82850E+0	+9.83437E-1	-1.58404E-2	+4.81646E-2
+1.84320E+0	+9.80785E-1	+4.83527E-3	+4.81269E-2
+1.85790E+0	+9.77938E-1	-4.29008E-4	+4.80857E-2
+1.87270E+0	+9.74876E-1	-5.08294E-3	+4.80439E-2
+1.88740E+0	+9.71640E-1	+2.62275E-3	+4.79988E-2
+1.90220E+0	+9.68187E-1	-3.63335E-3	+4.79529E-2
+1.91690E+0	+9.64565E-1	-7.29546E-3	+4.79020E-2
+1.93170E+0	+9.60724E-1	+3.33931E-4	+4.78323E-2
+1.94640E+0	+9.56717E-1	-1.18731E-2	+4.77753E-2
+1.96120E+0	+9.52492E-1	+1.78352E-3	+4.77093E-2
+1.97590E+0	+9.48105E-1	-1.11565E-3	+4.76324E-2
+1.99070E+0	+9.43498E-1	-4.54888E-3	+4.75497E-2
+2.00540E+0	+9.38734E-1	-5.69329E-3	+4.74646E-2
+2.02010E+0	+9.33784E-1	-3.40447E-3	+4.73774E-2
+2.03490E+0	+9.28613E-1	-1.03472E-2	+4.72854E-2
+2.04960E+0	+9.23291E-1	-4.32000E-3	+4.71765E-2
+2.06440E+0	+9.17749E-1	-5.15923E-3	+4.70691E-2
+2.07910E+0	+9.12060E-1	-7.82952E-3	+4.69500E-2
+2.09390E+0	+9.06150E-1	-7.29546E-3	+4.68252E-2
+2.10860E+0	+9.00099E-1	-5.00665E-3	+4.66940E-2
+2.12340E+0	+8.93827E-1	-7.52435E-3	+4.65534E-2
+2.13810E+0	+8.87419E-1	-6.37994E-3	+4.64088E-2
+2.15290E+0	+8.80789E-1	-2.00126E-4	+4.62615E-2
+2.16760E+0	+8.74028E-1	-9.81316E-3	+4.61025E-2
+2.18230E+0	+8.67094E-1	-1.46197E-2	+4.59311E-2
+2.19710E+0	+8.59939E-1	-1.63744E-2	+4.57381E-2
+2.21180E+0	+8.52660E-1	-1.57641E-2	+4.55459E-2
+2.22660E+0	+8.45161E-1	-1.48486E-2	+4.53487E-2
+2.24130E+0	+8.37544E-1	-1.33990E-2	+4.51464E-2
+2.25610E+0	+8.29708E-1	-1.69848E-2	+4.49317E-2
+2.27080E+0	+8.21759E-1	-1.24072E-2	+4.46892E-2
+2.28560E+0	+8.13591E-1	-8.89764E-3	+4.44491E-2
+2.30030E+0	+8.05316E-1	-1.82055E-2	+4.42064E-2
+2.31510E+0	+7.96823E-1	-1.55352E-2	+4.39384E-2
+2.32980E+0	+7.88228E-1	-1.74426E-2	+4.36848E-2
+2.34460E+0	+7.79418E-1	-2.50720E-2	+4.33947E-2
+2.35930E+0	+7.70511E-1	-1.62219E-2	+4.31068E-2
+2.37400E+0	+7.61451E-1	-2.49957E-2	+4.27894E-2
+2.38880E+0	+7.52177E-1	-1.59167E-2	+4.24754E-2
+2.40350E+0	+7.42815E-1	-2.98022E-2	+4.21391E-2
+2.41830E+0	+7.33241E-1	-2.00366E-2	+4.18301E-2
+2.43300E+0	+7.23586E-1	-2.32409E-2	+4.14443E-2
+2.44780E+0	+7.13719E-1	-3.29302E-2	+4.11145E-2
+2.46250E+0	+7.03777E-1	-5.08294E-3	+4.07156E-2
+2.47730E+0	+6.93626E-1	-3.91863E-2	+4.03333E-2
+2.49200E+0	+6.83406E-1	-2.61401E-2	+3.99873E-2
+2.50680E+0	+6.72978E-1	-1.27886E-2	+3.95307E-2
+2.52150E+0	+6.62488E-1	-4.58239E-2	+3.91185E-2
+2.53620E+0	+6.51865E-1	-2.87341E-2	+3.87329E-2
+2.55100E+0	+6.41040E-1	-7.98211E-3	+3.82479E-2
+2.56570E+0	+6.30159E-1	-3.67449E-2	+3.77775E-2
+2.58050E+0	+6.19079E-1	-4.59765E-2	+3.73402E-2
+2.59520E+0	+6.07950E-1	-3.95678E-2	+3.68742E-2
+2.61000E+0	+5.96623E-1	-3.21673E-2	+3.63887E-2
+2.62470E+0	+5.85254E-1	-2.04943E-2	+3.58858E-2
+2.63950E+0	+5.73690E-1	-3.54479E-2	+3.53588E-2
+2.65420E+0	+5.62090E-1	-2.99548E-2	+3.48380E-2
+2.66900E+0	+5.50298E-1	-3.89575E-2	+3.42790E-2
+2.68370E+0	+5.38476E-1	-3.90337E-2	+3.37541E-2
+2.69840E+0	+5.26547E-1	-4.36114E-2	+3.31799E-2
+2.71320E+0	+5.14432E-1	-4.20855E-2	+3.26144E-2
+2.72790E+0	+5.02295E-1	-4.33825E-2	+3.20201E-2
+2.74270E+0	+4.89976E-1	-4.11700E-2	+3.14346E-2
+2.75740E+0	+4.77642E-1	-4.55187E-2	+3.08169E-2
+2.77220E+0	+4.65128E-1	-4.37640E-2	+3.01985E-2
+2.78690E+0	+4.52606E-1	-4.62817E-2	+2.95543E-2
+2.80170E+0	+4.39908E-1	-3.89575E-2	+2.89271E-2
+2.81640E+0	+4.27208E-1	-4.42217E-2	+2.82476E-2
+2.83120E+0	+4.14336E-1	-4.27721E-2	+2.75959E-2
+2.84590E+0	+4.01469E-1	-4.84179E-2	+2.69033E-2
+2.86060E+0	+3.88522E-1	-4.97149E-2	+2.62283E-2
+2.87540E+0	+3.75408E-1	-5.59710E-2	+2.54947E-2
+2.89010E+0	+3.62309E-1	-5.61999E-2	+2.47660E-2
+2.90490E+0	+3.49048E-1	-5.11645E-2	+2.40231E-2
+2.91960E+0	+3.35806E-1	-4.82653E-2	+2.32761E-2
+2.93440E+0	+3.22408E-1	-4.36114E-2	+2.25161E-2
+2.94910E+0	+3.09035E-1	-4.79601E-2	+2.17505E-2
+2.96390E+0	+2.95510E-1	-5.34533E-2	+2.09789E-2
+2.97860E+0	+2.82017E-1	-5.57421E-2	+2.01710E-2
+2.99340E+0	+2.68376E-1	-5.39111E-2	+1.93647E-2
+3.00810E+0	+2.54773E-1	-6.07775E-2	+1.85378E-2
+3.02280E+0	+2.41120E-1	-6.62707E-2	+1.77033E-2
+3.03760E+0	+2.27325E-1	-5.77258E-2	+1.68447E-2
+3.05230E+0	+2.13579E-1	-5.49029E-2	+1.59988E-2
+3.06710E+0	+1.99696E-1	-5.16985E-2	+1.51631E-2
+3.08180E+0	+1.85867E-1	-6.00146E-2	+1.42968E-2
+3.09660E+0	+1.71906E-1	-5.66576E-2	+1.34331E-2
+3.11130E+0	+1.58006E-1	-6.34478E-2	+1.25411E-2
+3.12610E+0	+1.43980E-1	-6.79491E-2	+1.16587E-2
+3.14080E+0	+1.30019E-1	-6.66522E-2	+1.07563E-2
+3.15560E+0	+1.15938E-1	-5.84887E-2	+9.85041E-3
+3.17030E+0	+1.01928E-1	-4.96386E-2	+8.99004E-3
+3.18500E+0	+8.78986E-2	-6.03198E-2	+8.09423E-3
+3.19980E+0	+7.37558E-2	-6.12353E-2	+7.19444E-3
+3.21450E+0	+5.96939E-2	-6.85595E-2	+6.28702E-3
+3.22930E+0	+4.55243E-2	-7.62652E-2	+5.36900E-3
+3.24400E+0	+3.14414E-2	-5.94042E-2	+4.43879E-3
+3.25880E+0	+1.72564E-2	-5.36822E-2	+3.54049E-3
+3.27350E+0	+3.16383E-3	-5.72680E-2	+2.65593E-3
+3.28830E+0	-1.10253E-2	-6.58129E-2	+1.73719E-3
+3.30300E+0	-2.51163E-2	-5.69628E-2	+8.23599E-4
+3.31780E+0	-3.92981E-2	-7.24505E-2	-9.31698E-5
+3.33250E+0	-5.33763E-2	-7.19927E-2	-1.03876E-3
+3.34730E+0	-6.75396E-2	-5.12408E-2	-1.95283E-3
+3.36200E+0	-8.15937E-2	-5.49792E-2	-2.83186E-3
+3.37670E+0	-9.56316E-2	-5.79546E-2	-3.70301E-3
+3.39150E+0	-1.09746E-1	-5.58184E-2	-4.60247E-3
+3.40620E+0	-1.23743E-1	-6.71862E-2	-5.48142E-3
+3.42100E+0	-1.37810E-1	-6.83306E-2	-6.38721E-3
+3.43570E+0	-1.51755E-1	-5.86413E-2	-7.26693E-3
+3.45050E+0	-1.65764E-1	-4.91045E-2	-8.11748E-3
+3.46520E+0	-1.79646E-1	-4.91045E-2	-8.96059E-3
+3.48000E+0	-1.93586E-1	-5.99383E-2	-9.79959E-3
+3.49470E+0	-2.07393E-1	-5.54369E-2	-1.06499E-2
+3.50950E+0	-2.21252E-1	-6.10827E-2	-1.14822E-2
+3.52420E+0	-2.34974E-1	-6.37530E-2	-1.23289E-2
+3.53890E+0	-2.48649E-1	-6.26086E-2	-1.31503E-2
+3.55370E+0	-2.62367E-1	-5.06304E-2	-1.39614E-2
+3.56840E+0	-2.75940E-1	-4.68157E-2	-1.47643E-2
+3.58320E+0	-2.89551E-1	-4.72735E-2	-1.55318E-2
+3.59790E+0	-3.03011E-1	-5.17748E-2	-1.63237E-2
+3.61270E+0	-3.16502E-1	-5.40637E-2	-1.70983E-2
+3.62740E+0	-3.29839E-1	-4.95623E-2	-1.78704E-2
+3.64220E+0	-3.43201E-1	-4.95623E-2	-1.86125E-2
+3.65690E+0	-3.56404E-1	-5.78021E-2	-1.93783E-2
+3.67170E+0	-3.69625E-1	-5.49792E-2	-2.01147E-2
+3.68640E+0	-3.82683E-1	-5.10882E-2	-2.08449E-2
+3.70110E+0	-3.95666E-1	-5.00201E-2	-2.15551E-2
+3.71590E+0	-4.08657E-1	-4.38403E-2	-2.22697E-2
+3.73060E+0	-4.21479E-1	-4.01782E-2	-2.29761E-2
+3.74540E+0	-4.34303E-1	-3.95678E-2	-2.36499E-2
+3.76010E+0	-4.46955E-1	-3.65160E-2	-2.43347E-2
+3.77490E+0	-4.59602E-1	-4.38403E-2	-2.49947E-2
+3.78960E+0	-4.72073E-1	-3.84997E-2	-2.56491E-2
+3.80440E+0	-4.84534E-1	-4.46032E-2	-2.62938E-2
+3.81910E+0	-4.96814E-1	-3.47613E-2	-2.69247E-2
+3.83390E+0	-5.09078E-1	-4.68920E-2	-2.75590E-2
+3.84860E+0	-5.21157E-1	-3.74316E-2	-2.81712E-2
+3.86330E+0	-5.33133E-1	-3.94152E-2	-2.87726E-2
+3.87810E+0	-5.45084E-1	-3.65923E-2	-2.93663E-2
+3.89280E+0	-5.56845E-1	-3.53716E-2	-2.99591E-2
+3.90760E+0	-5.68574E-1	-2.78185E-2	-3.05262E-2
+3.92230E+0	-5.80111E-1	-3.43798E-2	-3.10917E-2
+3.93710E+0	-5.91610E-1	-3.26251E-2	-3.16475E-2
+3.95180E+0	-6.02914E-1	-3.85760E-2	-3.21909E-2
+3.96660E+0	-6.14173E-1	-4.48321E-2	-3.27330E-2
+3.98130E+0	-6.25234E-1	-4.01782E-2	-3.32217E-2
+3.99610E+0	-6.36244E-1	-3.27776E-2	-3.37360E-2
+4.01080E+0	-6.47054E-1	-2.78948E-2	-3.42488E-2
+4.02550E+0	-6.57734E-1	-3.60583E-2	-3.47370E-2
+4.04030E+0	-6.68356E-1	-4.21618E-2	-3.52133E-2
+4.05500E+0	-6.78773E-1	-2.55297E-2	-3.56544E-2
+4.06980E+0	-6.89124E-1	-1.64507E-2	-3.61492E-2
+4.08450E+0	-6.99268E-1	-5.07067E-2	-3.65926E-2
+4.09930E+0	-7.09340E-1	-2.88104E-2	-3.69877E-2
+4.11400E+0	-7.19204E-1	-1.24072E-2	-3.74566E-2
+4.12880E+0	-7.28990E-1	-4.64343E-2	-3.78622E-2
+4.14350E+0	-7.38564E-1	-1.59167E-2	-3.82358E-2
+4.15830E+0	-7.48056E-1	-2.72082E-2	-3.86948E-2
+4.17300E+0	-7.57334E-1	-3.45324E-2	-3.90138E-2
+4.18780E+0	-7.66524E-1	-1.35516E-2	-3.94332E-2
+4.20250E+0	-7.75498E-1	-3.31591E-2	-3.97666E-2
+4.21720E+0	-7.84319E-1	-2.16387E-2	-4.01434E-2
+4.23200E+0	-7.93042E-1	-2.44616E-2	-4.04670E-2
+4.24670E+0	-8.01548E-1	-2.07232E-2	-4.08298E-2
+4.26150E+0	-8.09951E-1	-1.17205E-2	-4.11532E-2
+4.27620E+0	-8.18136E-1	-2.59112E-2	-4.14659E-2
+4.29100E+0	-8.26213E-1	-1.98077E-2	-4.17865E-2
+4.30570E+0	-8.34070E-1	-1.33227E-2	-4.20882E-2
+4.32050E+0	-8.41814E-1	-2.01891E-2	-4.23727E-2
+4.33520E+0	-8.49337E-1	-2.17150E-2	-4.26723E-2
+4.35000E+0	-8.56741E-1	-2.47668E-2	-4.29501E-2
+4.36470E+0	-8.63925E-1	-1.25597E-2	-4.32115E-2
+4.37940E+0	-8.70936E-1	-7.75323E-3	-4.34767E-2
+4.39420E+0	-8.77821E-1	-1.49249E-2	-4.37147E-2
+4.40890E+0	-8.84484E-1	-2.10284E-2	-4.39604E-2
+4.42370E+0	-8.91015E-1	-1.85870E-2	-4.41977E-2
+4.43840E+0	-8.97325E-1	-1.79766E-2	-4.44439E-2
+4.45320E+0	-9.03497E-1	-2.11047E-2	-4.46580E-2
+4.46790E+0	-9.09447E-1	-1.72137E-2	-4.48788E-2
+4.48270E+0	-9.15256E-1	-1.84344E-2	-4.50777E-2
+4.49740E+0	-9.20842E-1	-1.80529E-2	-4.52736E-2
+4.51220E+0	-9.26283E-1	-1.10339E-2	-4.54534E-2
+4.52690E+0	-9.31501E-1	-8.59246E-3	-4.56512E-2
+4.54160E+0	-9.36535E-1	-8.74505E-3	-4.58373E-2
+4.55640E+0	-9.41415E-1	-2.01891E-2	-4.59945E-2
+4.57110E+0	-9.46074E-1	-1.14916E-2	-4.61551E-2
+4.58590E+0	-9.50575E-1	-1.46960E-2	-4.62944E-2
+4.60060E+0	-9.54857E-1	-2.56524E-3	-4.64525E-2
+4.61540E+0	-9.58976E-1	-8.74505E-3	-4.65880E-2
+4.63010E+0	-9.62876E-1	-1.24072E-2	-4.67109E-2
+4.64490E+0	-9.66609E-1	-7.60064E-3	-4.68478E-2
+4.65960E+0	-9.70124E-1	-9.63066E-4	-4.69573E-2
+4.67440E+0	-9.73469E-1	-1.11102E-2	-4.70676E-2
+4.68910E+0	-9.76597E-1	-1.34753E-2	-4.71622E-2
+4.70380E+0	-9.79531E-1	-1.43908E-2	-4.72689E-2
+4.71860E+0	-9.82289E-1	-1.19195E-3	-4.73521E-2
+4.73330E+0	-9.84832E-1	-6.60882E-3	-4.74470E-2
+4.74810E+0	-9.87195E-1	-1.69848E-2	-4.75243E-2
+4.76280E+0	-9.89345E-1	-1.06524E-2	-4.75891E-2
+4.77760E+0	-9.91311E-1	+3.99604E-3	-4.76721E-2
+4.79230E+0	-9.93066E-1	-1.36279E-2	-4.77246E-2
+4.80710E+0	-9.94634E-1	-9.66058E-3	-4.77798E-2
+4.82180E+0	-9.95993E-1	-2.33636E-3	-4.78144E-2
+4.83660E+0	-9.97162E-1	+2.24128E-3	-4.78662E-2
+4.85130E+0	-9.98124E-1	+1.81343E-4	-4.79001E-2
+4.86600E+0	-9.98888E-1	-3.48077E-3	-4.79123E-2
+4.88080E+0	-9.99456E-1	+3.76716E-3	-4.79428E-2
+4.89550E+0	-9.99822E-1	+3.46198E-3	-4.79497E-2
+4.91030E+0	-9.99989E-1	+2.24128E-3	-4.79723E-2
+4.92500E+0	-9.99956E-1	-5.05302E-4	-4.79751E-2
+4.93980E+0	-9.99722E-1	+4.86519E-4	-4.79771E-2
+4.95450E+0	-9.99290E-1	-4.39629E-3	-4.79747E-2
+4.96930E+0	-9.98655E-1	-9.20281E-3	-4.79657E-2
+4.98400E+0	-9.97825E-1	-2.94671E-3	-4.79580E-2
+4.99880E+0	-9.96790E-1	+2.69904E-3	-4.79590E-2
+5.01350E+0	-9.95562E-1	-4.77776E-3	-4.79536E-2
+5.02820E+0	-9.94137E-1	-6.30364E-3	-4.79336E-2
+5.04300E+0	-9.92503E-1	-6.83770E-3	-4.79221E-2
+5.05770E+0	-9.90682E-1	+4.14863E-3	-4.79100E-2
+5.07250E+0	-9.88650E-1	-1.48486E-2	-4.78792E-2
+5.08720E+0	-9.86434E-1	+9.44283E-4	-4.78354E-2
+5.10200E+0	-9.84006E-1	+8.03962E-3	-4.78176E-2
+5.11670E+0	-9.81398E-1	+2.92793E-3	-4.78094E-2
+5.13150E+0	-9.78575E-1	-5.81596E-4	-4.77729E-2
+5.14620E+0	-9.75576E-1	+1.47834E-3	-4.77330E-2
+5.16100E+0	-9.72361E-1	-3.09930E-3	-4.76959E-2
+5.17570E+0	-9.68974E-1	+5.75080E-3	-4.76553E-2
+5.19050E+0	-9.65369E-1	+7.58186E-3	-4.76103E-2
+5.20520E+0	-9.61597E-1	-2.03118E-3	-4.75511E-2
+5.21990E+0	-9.57633E-1	+8.19221E-3	-4.75024E-2
+5.23470E+0	-9.53451E-1	-4.75386E-5	-4.74314E-2
+5.24940E+0	-9.49106E-1	+1.85981E-3	-4.73655E-2
+5.26420E+0	-9.44542E-1	+7.88703E-3	-4.72923E-2
+5.27890E+0	-9.39820E-1	+9.87067E-3	-4.72129E-2
+5.29370E+0	-9.34878E-1	+4.14863E-3	-4.71306E-2
+5.30840E+0	-9.29782E-1	+8.64997E-3	-4.70456E-2
+5.32320E+0	-9.24465E-1	+4.45380E-3	-4.69394E-2
+5.33790E+0	-9.19000E-1	+5.67451E-3	-4.68393E-2
+5.35270E+0	-9.13314E-1	+5.14045E-3	-4.67333E-2
+5.36740E+0	-9.07484E-1	+8.80256E-3	-4.66173E-2
+5.38210E+0	-9.01473E-1	+8.03962E-3	-4.64878E-2
+5.39690E+0	-8.95241E-1	+1.18543E-2	-4.63598E-2
+5.41160E+0	-8.88873E-1	+1.44483E-2	-4.62194E-2
+5.42640E+0	-8.82283E-1	+1.39905E-2	-4.60660E-2
+5.44110E+0	-8.75561E-1	+7.20039E-3	-4.59092E-2
+5.45590E+0	-8.68618E-1	+5.14045E-3	-4.57567E-2
+5.47060E+0	-8.61549E-1	+9.48920E-3	-4.55869E-2
+5.48540E+0	-8.54259E-1	+1.66608E-2	-4.53911E-2
+5.50010E+0	-8.46848E-1	+1.16254E-2	-4.52069E-2
+5.51490E+0	-8.39217E-1	+1.24647E-2	-4.50071E-2
+5.52960E+0	-8.31470E-1	+1.49824E-2	-4.47965E-2
+5.54430E+0	-8.23557E-1	+1.21595E-2	-4.45654E-2
+5.55910E+0	-8.15426E-1	+1.25410E-2	-4.43371E-2
+5.57380E+0	-8.07187E-1	+1.73475E-2	-4.40986E-2
+5.58860E+0	-7.98730E-1	+1.78052E-2	-4.38312E-2
+5.60330E+0	-7.90171E-1	+1.22358E-2	-4.35790E-2
+5.61810E+0	-7.81396E-1	+2.40613E-2	-4.32950E-2
+5.63280E+0	-7.72524E-1	+1.75001E-2	-4.30244E-2
+5.64760E+0	-7.63436E-1	+2.63502E-2	-4.27341E-2
+5.66230E+0	-7.54258E-1	+1.07099E-2	-4.24203E-2
+5.67710E+0	-7.44866E-1	+2.80286E-2	-4.21019E-2
+5.69180E+0	-7.35389E-1	+1.52113E-2	-4.17847E-2
+5.70650E+0	-7.25766E-1	+3.21485E-2	-4.14296E-2
+5.72130E+0	-7.15932E-1	+1.52113E-2	-4.11063E-2
+5.73600E+0	-7.06021E-1	+2.08570E-2	-4.06969E-2
+5.75080E+0	-6.95902E-1	+4.57288E-2	-4.03566E-2
+5.76550E+0	-6.85712E-1	+1.13203E-2	-3.99728E-2
+5.78030E+0	-6.75315E-1	+2.47480E-2	-3.95331E-2
+5.79500E+0	-6.64854E-1	+4.58051E-2	-3.91777E-2
+5.80980E+0	-6.54189E-1	+5.59821E-3	-3.87525E-2
+5.82450E+0	-6.43465E-1	+2.11622E-2	-3.82672E-2
+5.83930E+0	-6.32539E-1	+4.98487E-2	-3.78373E-2
+5.85400E+0	-6.21560E-1	+3.67261E-2	-3.74114E-2
+5.86870E+0	-6.10459E-1	+2.66553E-2	-3.69306E-2
+5.88350E+0	-5.99159E-1	+2.26118E-2	-3.64354E-2
+5.89820E+0	-5.87816E-1	+3.49714E-2	-3.59278E-2
+5.91300E+0	-5.76278E-1	+3.40559E-2	-3.54305E-2
+5.92770E+0	-5.64704E-1	+4.48896E-2	-3.49188E-2
+5.94250E+0	-5.52937E-1	+4.49659E-2	-3.43979E-2
+5.95720E+0	-5.41139E-1	+4.25245E-2	-3.38500E-2
+5.97200E+0	-5.29153E-1	+4.38978E-2	-3.32994E-2
+5.98670E+0	-5.17142E-1	+4.09986E-2	-3.27324E-2
+6.00150E+0	-5.04946E-1	+4.82465E-2	-3.21501E-2
+6.01620E+0	-4.92731E-1	+4.26008E-2	-3.15571E-2
+6.03100E+0	-4.80335E-1	+4.80176E-2	-3.09535E-2
+6.04570E+0	-4.67926E-1	+4.26771E-2	-3.03396E-2
+6.06040E+0	-4.55425E-1	+5.53419E-2	-2.97185E-2
+6.07520E+0	-4.42747E-1	+4.57288E-2	-2.90516E-2
+6.08990E+0	-4.30067E-1	+5.40449E-2	-2.84146E-2
+6.10470E+0	-4.17214E-1	+4.51948E-2	-2.77230E-2
+6.11940E+0	-4.04365E-1	+4.90858E-2	-2.70563E-2
+6.13420E+0	-3.91347E-1	+4.70258E-2	-2.63392E-2
+6.14890E+0	-3.78339E-1	+4.65681E-2	-2.56612E-2
+6.16370E+0	-3.65167E-1	+5.36634E-2	-2.49359E-2
+6.17840E+0	-3.52011E-1	+4.93909E-2	-2.42153E-2
+6.19320E+0	-3.38695E-1	+5.17561E-2	-2.34559E-2
+6.20790E+0	-3.25401E-1	+4.48133E-2	-2.27174E-2
+6.22260E+0	-3.12043E-1	+4.52711E-2	-2.19549E-2
+6.23740E+0	-2.98531E-1	+5.17561E-2	-2.11713E-2
+6.25210E+0	-2.85051E-1	+5.67915E-2	-2.03880E-2
+6.26690E+0	-2.71422E-1	+6.09113E-2	-1.95774E-2
+6.28160E+0	-2.57831E-1	+5.95380E-2	-1.87555E-2
+6.29640E+0	-2.44096E-1	+5.73255E-2	-1.79110E-2
+6.31110E+0	-2.30405E-1	+6.36579E-2	-1.70692E-2
+6.32590E+0	-2.16575E-1	+5.70966E-2	-1.62007E-2
+6.34060E+0	-2.02795E-1	+5.09931E-2	-1.53495E-2
+6.35540E+0	-1.88880E-1	+4.69495E-2	-1.44999E-2
+6.37010E+0	-1.75022E-1	+6.19031E-2	-1.36319E-2
+6.38480E+0	-1.61129E-1	+6.55653E-2	-1.27632E-2
+6.39960E+0	-1.47110E-1	+6.96851E-2	-1.18481E-2
+6.41430E+0	-1.33156E-1	+6.37342E-2	-1.09656E-2
+6.42910E+0	-1.19080E-1	+6.19031E-2	-1.00552E-2
+6.44380E+0	-1.05075E-1	+5.24427E-2	-9.16799E-3
+6.45860E+0	-9.09542E-2	+5.57996E-2	-8.28288E-3
+6.47330E+0	-7.69106E-2	+6.87696E-2	-7.38123E-3
+6.48810E+0	-6.27561E-2	+6.47260E-2	-6.46573E-3
+6.50280E+0	-4.86846E-2	+6.95325E-2	-5.53238E-3
+6.51760E+0	-3.45077E-2	+6.82355E-2	-4.59429E-3
+6.53230E+0	-2.04197E-2	+5.21375E-2	-3.68516E-3
+6.54700E+0	-6.32763E-3	+5.54945E-2	-2.78469E-3
+6.56180E+0	+7.86157E-3	+6.48023E-2	-1.88505E-3
+6.57650E+0	+2.19533E-2	+7.26606E-2	-9.43648E-4
+6.59130E+0	+3.61366E-2	+6.22846E-2	-2.90455E-5
+6.60600E+0	+5.02167E-2	+7.06769E-2	+9.02041E-4
+6.62080E+0	+6.43826E-2	+6.40394E-2	+1.83556E-3
+6.63550E+0	+7.84400E-2	+5.05353E-2	+2.74229E-3
+6.65030E+0	+9.25772E-2	+5.86225E-2	+3.63164E-3
+6.66500E+0	+1.06600E-1	+6.70911E-2	+4.52978E-3
+6.67980E+0	+1.20698E-1	+6.37342E-2	+5.44218E-3
+6.69450E+0	+1.34676E-1	+6.25898E-2	+6.33653E-3
+6.70920E+0	+1.48627E-1	+6.52601E-2	+7.23942E-3
+6.72400E+0	+1.62643E-1	+5.65626E-2	+8.10871E-3
+6.73870E+0	+1.76532E-1	+5.18323E-2	+8.98558E-3
+6.75350E+0	+1.90481E-1	+5.39686E-2	+9.82782E-3
+6.76820E+0	+2.04297E-1	+6.73963E-2	+1.06981E-2
+6.78300E+0	+2.18166E-1	+5.40449E-2	+1.15579E-2
+6.79770E+0	+2.31898E-1	+6.05299E-2	+1.23878E-2
+6.81250E+0	+2.45676E-1	+6.20557E-2	+1.32464E-2
+6.82720E+0	+2.59313E-1	+5.51893E-2	+1.40674E-2
+6.84200E+0	+2.72990E-1	+4.87806E-2	+1.48899E-2
+6.85670E+0	+2.86521E-1	+4.78651E-2	+1.56845E-2
+6.87140E+0	+2.99995E-1	+5.08405E-2	+1.64730E-2
+6.88620E+0	+3.13500E-1	+5.97669E-2	+1.72671E-2
+6.90090E+0	+3.26851E-1	+5.67915E-2	+1.80513E-2
+6.91570E+0	+3.40228E-1	+5.25953E-2	+1.88390E-2
+6.93040E+0	+3.53446E-1	+5.26716E-2	+1.95968E-2
+6.94520E+0	+3.66684E-1	+5.36634E-2	+2.03579E-2
+6.95990E+0	+3.79759E-1	+5.25190E-2	+2.11041E-2
+6.97470E+0	+3.92846E-1	+5.19849E-2	+2.18517E-2
+6.98940E+0	+4.05767E-1	+5.23664E-2	+2.25556E-2
+7.00420E+0	+4.18695E-1	+4.65681E-2	+2.32749E-2
+7.01890E+0	+4.31451E-1	+4.15327E-2	+2.39649E-2
+7.03370E+0	+4.44208E-1	+3.87098E-2	+2.46622E-2
+7.04840E+0	+4.56790E-1	+4.20667E-2	+2.53213E-2
+7.06310E+0	+4.69282E-1	+3.59632E-2	+2.60043E-2
+7.07790E+0	+4.81764E-1	+3.90150E-2	+2.66488E-2
+7.09260E+0	+4.94066E-1	+3.75654E-2	+2.73091E-2
+7.10740E+0	+5.06352E-1	+3.84046E-2	+2.79292E-2
+7.12210E+0	+5.18454E-1	+3.51240E-2	+2.85627E-2
+7.13690E+0	+5.30535E-1	+3.34455E-2	+2.91767E-2
+7.15160E+0	+5.42429E-1	+3.01649E-2	+2.97876E-2
+7.16640E+0	+5.54294E-1	+3.53529E-2	+3.03808E-2
+7.18110E+0	+5.65969E-1	+2.74183E-2	+3.09765E-2
+7.19590E+0	+5.77610E-1	+3.91675E-2	+3.15534E-2
+7.21060E+0	+5.89057E-1	+3.77180E-2	+3.21218E-2
+7.22530E+0	+6.00386E-1	+4.29822E-2	+3.26566E-2
+7.24010E+0	+6.11673E-1	+4.42029E-2	+3.31860E-2
+7.25480E+0	+6.22761E-1	+2.86390E-2	+3.37089E-2
+7.26960E+0	+6.33800E-1	+3.00886E-2	+3.42401E-2
+7.28430E+0	+6.44638E-1	+3.14619E-2	+3.47490E-2
+7.29910E+0	+6.55420E-1	+4.48896E-2	+3.52419E-2
+7.31380E+0	+6.65999E-1	+3.85572E-2	+3.57025E-2
+7.32860E+0	+6.76516E-1	+1.62794E-2	+3.61989E-2
+7.34330E+0	+6.86828E-1	+3.29114E-2	+3.66943E-2
+7.35810E+0	+6.97071E-1	+4.23719E-2	+3.71099E-2
+7.37280E+0	+7.07107E-1	+1.99415E-2	+3.75422E-2
+7.38750E+0	+7.17002E-1	+2.68079E-2	+3.80127E-2
+7.40230E+0	+7.26820E-1	+4.73310E-2	+3.83930E-2
+7.41700E+0	+7.36428E-1	+3.76716E-3	+3.88223E-2
+7.43180E+0	+7.45952E-1	+3.84046E-2	+3.92478E-2
+7.44650E+0	+7.55264E-1	+2.42139E-2	+3.95906E-2
+7.46130E+0	+7.64488E-1	+2.15436E-2	+4.00232E-2
+7.47600E+0	+7.73497E-1	+2.67316E-2	+4.03532E-2
+7.49080E+0	+7.82412E-1	+2.17725E-2	+4.07554E-2
+7.50550E+0	+7.91111E-1	+2.17725E-2	+4.10644E-2
+7.52030E+0	+7.99710E-1	+3.16907E-2	+4.14190E-2
+7.53500E+0	+8.08092E-1	+1.71949E-2	+4.17529E-2
+7.54970E+0	+8.16313E-1	+2.66553E-2	+4.20508E-2
+7.56450E+0	+8.24427E-1	+2.52821E-2	+4.23739E-2
+7.57920E+0	+8.32321E-1	+1.33039E-2	+4.26802E-2
+7.59400E+0	+8.40102E-1	+1.91785E-2	+4.29576E-2
+7.60870E+0	+8.47663E-1	+2.68079E-2	+4.32397E-2
+7.62350E+0	+8.55105E-1	+2.29932E-2	+4.35273E-2
+7.63820E+0	+8.62327E-1	+1.55164E-2	+4.37841E-2
+7.65300E+0	+8.69425E-1	+1.36854E-2	+4.40405E-2
+7.66770E+0	+8.76301E-1	+1.28461E-2	+4.42861E-2
+7.68250E+0	+8.83049E-1	+1.44483E-2	+4.45214E-2
+7.69720E+0	+8.89574E-1	+1.47535E-2	+4.47459E-2
+7.71190E+0	+8.95924E-1	+1.56690E-2	+4.49688E-2
+7.72670E+0	+9.02136E-1	+1.52113E-2	+4.51799E-2
+7.74140E+0	+9.08127E-1	+1.27698E-2	+4.53917E-2
+7.75620E+0	+9.13976E-1	+1.40668E-2	+4.55839E-2
+7.77090E+0	+9.19604E-1	+1.01759E-2	+4.57780E-2
+7.78570E+0	+9.25086E-1	+1.93610E-3	+4.59670E-2
+7.80040E+0	+9.30346E-1	+1.41431E-2	+4.61493E-2
+7.81520E+0	+9.35455E-1	+1.70423E-2	+4.63094E-2
+7.82990E+0	+9.40343E-1	+8.57368E-3	+4.64686E-2
+7.84470E+0	+9.45076E-1	+1.00233E-2	+4.66208E-2
+7.85940E+0	+9.49588E-1	+3.76716E-3	+4.67608E-2
+7.87420E+0	+9.53941E-1	+3.99604E-3	+4.69143E-2
+7.88890E+0	+9.58074E-1	+8.26850E-3	+4.70403E-2
+7.90360E+0	+9.62017E-1	+1.09388E-2	+4.71552E-2
+7.91840E+0	+9.65793E-1	+6.28486E-3	+4.72878E-2
+7.93310E+0	+9.69352E-1	+5.62813E-4	+4.73965E-2
+7.94790E+0	+9.72740E-1	+1.13203E-2	+4.75057E-2
+7.96260E+0	+9.75912E-1	+1.50587E-2	+4.76045E-2
+7.97740E+0	+9.78909E-1	+1.20069E-2	+4.77032E-2
+7.99210E+0	+9.81691E-1	+1.04047E-2	+4.77703E-2
+8.00690E+0	+9.84295E-1	+6.20856E-3	+4.78553E-2
+8.02160E+0	+9.86685E-1	+4.22492E-3	+4.79300E-2
+8.03640E+0	+9.88893E-1	+5.59821E-3	+4.80029E-2
+8.05110E+0	+9.90890E-1	+1.74238E-2	+4.80557E-2
+8.06580E+0	+9.92689E-1	-7.75323E-3	+4.81177E-2
+8.08060E+0	+9.94302E-1	-2.76420E-4	+4.81524E-2
+8.09530E+0	+9.95706E-1	-2.64153E-3	+4.81993E-2
+8.11010E+0	+9.96919E-1	+1.39905E-2	+4.82306E-2
+8.12480E+0	+9.97925E-1	+7.15401E-4	+4.82539E-2
+8.13960E+0	+9.98738E-1	+2.31757E-3	+4.82858E-2
+8.15430E+0	+9.99347E-1	+3.76716E-3	+4.83044E-2
+8.16910E+0	+9.99759E-1	+2.08869E-3	+4.83011E-2
+8.18380E+0	+9.99969E-1	-3.52714E-4	+4.83252E-2
+8.19860E+0	+9.99980E-1	-3.78594E-3	+4.83259E-2
+8.21330E+0	+9.99791E-1	-6.91399E-3	+4.83100E-2
+8.22800E+0	+9.99404E-1	-5.99847E-3	+4.83134E-2
+8.24280E+0	+9.98814E-1	-8.74505E-3	+4.83099E-2
+8.25750E+0	+9.98029E-1	+3.84345E-3	+4.83035E-2
+8.27230E+0	+9.97038E-1	+4.83527E-3	+4.82866E-2
+8.28700E+0	+9.95855E-1	-1.07287E-2	+4.82673E-2
+8.30180E+0	+9.94464E-1	-4.93035E-3	+4.82575E-2
+8.31650E+0	+9.92885E-1	-7.06658E-3	+4.82358E-2
+8.33130E+0	+9.91095E-1	+4.37751E-3	+4.82131E-2
+8.34600E+0	+9.89120E-1	-1.09576E-2	+4.81989E-2
+8.36080E+0	+9.86933E-1	+1.15491E-2	+4.81752E-2
+8.37550E+0	+9.84564E-1	+1.96363E-2	+4.81381E-2
+8.39020E+0	+9.82000E-1	+2.57637E-4	+4.81078E-2
+8.40500E+0	+9.79221E-1	+2.47016E-3	+4.80687E-2
+8.41970E+0	+9.76266E-1	-1.23833E-4	+4.80333E-2
+8.43450E+0	+9.73095E-1	+3.61457E-3	+4.79833E-2
+8.44920E+0	+9.69751E-1	-5.92217E-3	+4.79409E-2
+8.46400E+0	+9.66190E-1	-3.86224E-3	+4.78888E-2
+8.47870E+0	+9.62460E-1	-9.63066E-4	+4.78218E-2
+8.49350E+0	+9.58512E-1	-3.63335E-3	+4.77705E-2
+8.50820E+0	+9.54400E-1	-8.86772E-4	+4.76960E-2
+8.52300E+0	+9.50068E-1	-5.69329E-3	+4.76260E-2
+8.53770E+0	+9.45576E-1	-6.45623E-3	+4.75506E-2
+8.55240E+0	+9.40896E-1	-8.59246E-3	+4.74648E-2
+8.56720E+0	+9.35996E-1	-1.80230E-3	+4.73752E-2
+8.58190E+0	+9.30942E-1	-6.76141E-3	+4.72870E-2
+8.59670E+0	+9.25667E-1	-5.38811E-3	+4.71766E-2
+8.61140E+0	+9.20243E-1	-9.66058E-3	+4.70787E-2
+8.62620E+0	+9.14598E-1	-1.04235E-2	+4.69627E-2
+8.64090E+0	+9.08808E-1	-7.06658E-3	+4.68421E-2
+8.65570E+0	+9.02797E-1	-5.69329E-3	+4.67166E-2
+8.67040E+0	+8.96646E-1	-7.44805E-3	+4.65782E-2
+8.68520E+0	+8.90274E-1	-8.59246E-3	+4.64359E-2
+8.69990E+0	+8.83767E-1	-5.38811E-3	+4.62897E-2
+8.71460E+0	+8.77085E-1	-1.11865E-2	+4.61335E-2
+8.72940E+0	+8.70181E-1	-1.41619E-2	+4.59597E-2
+8.74410E+0	+8.63151E-1	-1.40093E-2	+4.57762E-2
+8.75890E+0	+8.55900E-1	-1.42382E-2	+4.55970E-2
+8.77360E+0	+8.48526E-1	-2.03417E-2	+4.53986E-2
+8.78840E+0	+8.40933E-1	-2.01128E-2	+4.51905E-2
+8.80310E+0	+8.33223E-1	-1.71374E-2	+4.49842E-2
+8.81790E+0	+8.25294E-1	-1.43908E-2	+4.47638E-2
+8.83260E+0	+8.17253E-1	-1.85870E-2	+4.45237E-2
+8.84740E+0	+8.08994E-1	-1.20257E-2	+4.42745E-2
+8.86210E+0	+8.00630E-1	-1.37042E-2	+4.40274E-2
+8.87690E+0	+7.92048E-1	-2.31646E-2	+4.37543E-2
+8.89160E+0	+7.83366E-1	-1.53826E-2	+4.34889E-2
+8.90630E+0	+7.74529E-1	-2.65978E-2	+4.32011E-2
+8.92110E+0	+7.65476E-1	-1.57641E-2	+4.28891E-2
+8.93580E+0	+7.56331E-1	-2.60638E-2	+4.25912E-2
+8.95060E+0	+7.46973E-1	-1.64507E-2	+4.22570E-2
+8.96530E+0	+7.37529E-1	-3.02599E-2	+4.19321E-2
+8.98010E+0	+7.27873E-1	-1.17968E-2	+4.15839E-2
+8.99480E+0	+7.18137E-1	-3.59057E-2	+4.12132E-2
+9.00960E+0	+7.08191E-1	-2.50720E-2	+4.08872E-2
+9.02430E+0	+6.98170E-1	-1.64507E-2	+4.04669E-2
+9.03910E+0	+6.87942E-1	-4.20092E-2	+4.00984E-2
+9.05380E+0	+6.77645E-1	-1.93499E-2	+3.97176E-2
+9.06850E+0	+6.67214E-1	-1.98840E-2	+3.92533E-2
+9.08330E+0	+6.56578E-1	-5.40637E-2	+3.88539E-2
+9.09800E+0	+6.45883E-1	-2.17913E-2	+3.84518E-2
+9.11280E+0	+6.34986E-1	-1.31701E-2	+3.79707E-2
+9.12750E+0	+6.24036E-1	-3.86523E-2	+3.74928E-2
+9.14230E+0	+6.12886E-1	-4.35351E-2	+3.70520E-2
+9.15700E+0	+6.01689E-1	-3.33880E-2	+3.65708E-2
+9.17180E+0	+5.90295E-1	-3.10992E-2	+3.60809E-2
+9.18650E+0	+5.78861E-1	-2.67504E-2	+3.55643E-2
+9.20130E+0	+5.67233E-1	-2.62164E-2	+3.50314E-2
+9.21600E+0	+5.55570E-1	-2.95733E-2	+3.44909E-2
+9.23070E+0	+5.43797E-1	-3.89575E-2	+3.39488E-2
+9.24550E+0	+5.31835E-1	-3.36169E-2	+3.33831E-2
+9.26020E+0	+5.19847E-1	-4.11700E-2	+3.28182E-2
+9.27500E+0	+5.07674E-1	-3.88049E-2	+3.22354E-2
+9.28970E+0	+4.95482E-1	-4.06359E-2	+3.16472E-2
+9.30450E+0	+4.83107E-1	-4.17040E-2	+3.10477E-2
+9.31920E+0	+4.70720E-1	-4.32299E-2	+3.04236E-2
+9.33400E+0	+4.58154E-1	-3.68212E-2	+2.97903E-2
+9.34870E+0	+4.45582E-1	-4.21618E-2	+2.91612E-2
+9.36350E+0	+4.32835E-1	-3.40746E-2	+2.84935E-2
+9.37820E+0	+4.20087E-1	-3.99493E-2	+2.78457E-2
+9.39290E+0	+4.07256E-1	-4.10174E-2	+2.71677E-2
+9.40770E+0	+3.94256E-1	-4.36114E-2	+2.64904E-2
+9.42240E+0	+3.81266E-1	-5.13934E-2	+2.57809E-2
+9.43720E+0	+3.68110E-1	-5.00964E-2	+2.50560E-2
+9.45190E+0	+3.54970E-1	-4.82653E-2	+2.43221E-2
+9.46670E+0	+3.41670E-1	-5.19274E-2	+2.35814E-2
+9.48140E+0	+3.28391E-1	-4.94097E-2	+2.28146E-2
+9.49620E+0	+3.14956E-1	-6.02435E-2	+2.20465E-2
+9.51090E+0	+3.01549E-1	-5.74206E-2	+2.12536E-2
+9.52570E+0	+2.87990E-1	-5.63525E-2	+2.04690E-2
+9.54040E+0	+2.74466E-1	-5.16222E-2	+1.96513E-2
+9.55510E+0	+2.60887E-1	-4.90283E-2	+1.88410E-2
+9.56990E+0	+2.47163E-1	-5.56658E-2	+1.80233E-2
+9.58460E+0	+2.33483E-1	-5.66576E-2	+1.71805E-2
+9.59940E+0	+2.19662E-1	-5.73443E-2	+1.63356E-2
+9.61410E+0	+2.05892E-1	-6.61181E-2	+1.54784E-2
+9.62890E+0	+1.91986E-1	-6.92461E-2	+1.46169E-2
+9.64360E+0	+1.78136E-1	-6.47448E-2	+1.37266E-2
+9.65840E+0	+1.64157E-1	-4.79601E-2	+1.28478E-2
+9.67310E+0	+1.50238E-1	-5.85650E-2	+1.20010E-2
+9.68790E+0	+1.36196E-1	-5.48266E-2	+1.10899E-2
+9.70260E+0	+1.22220E-1	-6.10064E-2	+1.02165E-2
+9.71740E+0	+1.08126E-1	-6.52789E-2	+9.30442E-3
+9.73210E+0	+9.41045E-2	-6.99328E-2	+8.41401E-3
+9.74680E+0	+8.00647E-2	-6.15405E-2	+7.49055E-3
+9.76160E+0	+6.59134E-2	-5.17748E-2	+6.59115E-3
+9.77630E+0	+5.18445E-2	-5.64288E-2	+5.70864E-3
+9.79110E+0	+3.76695E-2	-6.08538E-2	+4.78827E-3
+9.80580E+0	+2.35828E-2	-6.32189E-2	+3.87727E-3
+9.82060E+0	+9.39549E-3	-6.46685E-2	+2.95265E-3
+9.83530E+0	-4.69780E-3	-6.03198E-2	+2.04377E-3
+9.85010E+0	-1.88860E-2	-5.89465E-2	+1.12305E-3
+9.86480E+0	-3.29746E-2	-5.45214E-2	+1.98138E-4
+9.87960E+0	-4.71524E-2	-5.61999E-2	-6.94846E-4
+9.89430E+0	-6.12250E-2	-6.52026E-2	-1.60850E-3
+9.90900E+0	-7.52855E-2	-7.05431E-2	-2.52603E-3
+9.92380E+0	-8.94265E-2	-6.52789E-2	-3.44375E-3
+9.93850E+0	-1.03454E-1	-6.04723E-2	-4.32574E-3
+9.95330E+0	-1.17556E-1	-5.39111E-2	-5.22110E-3
+9.96800E+0	-1.31540E-1	-5.58184E-2	-6.09270E-3
+9.98280E+0	-1.45592E-1	-6.21508E-2	-6.95588E-3
+9.99750E+0	-1.59521E-1	-5.73443E-2	-7.83752E-3
+1.00123E+1	-1.73512E-1	-6.87121E-2	-8.69835E-3
+1.00270E+1	-1.87374E-1	-5.66576E-2	-9.58048E-3
+1.00418E+1	-2.01292E-1	-5.70391E-2	-1.04060E-2
+1.00565E+1	-2.15077E-1	-5.14697E-2	-1.12490E-2
+1.00712E+1	-2.28819E-1	-5.23089E-2	-1.20784E-2
+1.00860E+1	-2.42608E-1	-5.86413E-2	-1.28974E-2
+1.01007E+1	-2.56256E-1	-5.65814E-2	-1.37222E-2
+1.01155E+1	-2.69945E-1	-5.62762E-2	-1.45299E-2
+1.01302E+1	-2.83488E-1	-5.87939E-2	-1.53358E-2
+1.01450E+1	-2.97066E-1	-5.94042E-2	-1.61211E-2
+1.01597E+1	-3.10494E-1	-5.49792E-2	-1.69172E-2
+1.01745E+1	-3.23950E-1	-4.41454E-2	-1.76916E-2
+1.01892E+1	-3.37251E-1	-4.54424E-2	-1.84313E-2
+1.02040E+1	-3.50575E-1	-4.75787E-2	-1.91897E-2
+1.02187E+1	-3.63738E-1	-5.49792E-2	-1.99277E-2
+1.02334E+1	-3.76830E-1	-4.79601E-2	-2.06570E-2
+1.02482E+1	-3.89935E-1	-5.27667E-2	-2.13765E-2
+1.02629E+1	-4.02873E-1	-4.42980E-2	-2.20973E-2
+1.02777E+1	-4.15819E-1	-4.61291E-2	-2.28053E-2
+1.02924E+1	-4.28595E-1	-4.73498E-2	-2.35024E-2
+1.03072E+1	-4.41371E-1	-4.84942E-2	-2.41775E-2
+1.03219E+1	-4.53973E-1	-4.70446E-2	-2.48733E-2
+1.03367E+1	-4.66570E-1	-5.43688E-2	-2.55291E-2
+1.03514E+1	-4.78989E-1	-4.04833E-2	-2.61887E-2
+1.03662E+1	-4.91396E-1	-5.56658E-2	-2.68112E-2
+1.03809E+1	-5.03621E-1	-4.63580E-2	-2.74664E-2
+1.03956E+1	-5.15746E-1	-5.09356E-2	-2.80773E-2
+1.04104E+1	-5.27851E-1	-4.55187E-2	-2.86958E-2
+1.04251E+1	-5.39768E-1	-4.81890E-2	-2.92843E-2
+1.04399E+1	-5.51658E-1	-3.95678E-2	-2.98816E-2
+1.04546E+1	-5.63358E-1	-4.50610E-2	-3.04539E-2
+1.04694E+1	-5.75024E-1	-2.78185E-2	-3.10270E-2
+1.04841E+1	-5.86497E-1	-3.27013E-2	-3.15700E-2
+1.04989E+1	-5.97930E-1	-3.40746E-2	-3.21379E-2
+1.05136E+1	-6.09167E-1	-3.68212E-2	-3.26782E-2
+1.05284E+1	-6.20358E-1	-4.69683E-2	-3.32076E-2
+1.05431E+1	-6.31350E-1	-3.46087E-2	-3.36988E-2
+1.05578E+1	-6.42216E-1	-2.62164E-2	-3.42138E-2
+1.05726E+1	-6.53028E-1	-2.36987E-2	-3.47247E-2
+1.05873E+1	-6.63636E-1	-3.23962E-2	-3.52200E-2
+1.06021E+1	-6.74183E-1	-4.59002E-2	-3.56672E-2
+1.06168E+1	-6.84525E-1	-2.04943E-2	-3.61029E-2
+1.06316E+1	-6.94799E-1	-1.96551E-2	-3.66064E-2
+1.06463E+1	-7.04866E-1	-4.58239E-2	-3.70213E-2
+1.06611E+1	-7.14860E-1	-2.07995E-2	-3.74379E-2
+1.06758E+1	-7.24644E-1	-1.72900E-2	-3.79090E-2
+1.06906E+1	-7.34349E-1	-5.13934E-2	-3.82750E-2
+1.07053E+1	-7.43842E-1	-5.31182E-3	-3.86808E-2
+1.07201E+1	-7.53250E-1	-3.71264E-2	-3.90994E-2
+1.07348E+1	-7.62444E-1	-1.62219E-2	-3.94353E-2
+1.07495E+1	-7.71488E-1	-2.65978E-2	-3.98455E-2
+1.07643E+1	-7.80438E-1	-2.07995E-2	-4.01586E-2
+1.07790E+1	-7.89172E-1	-2.90392E-2	-4.05460E-2
+1.07938E+1	-7.97806E-1	-1.37804E-2	-4.08742E-2
+1.08085E+1	-8.06224E-1	-2.75134E-2	-4.12023E-2
+1.08233E+1	-8.14537E-1	-1.56115E-2	-4.15498E-2
+1.08380E+1	-8.22632E-1	-1.68322E-2	-4.18456E-2
+1.08528E+1	-8.30616E-1	-2.22491E-2	-4.21460E-2
+1.08675E+1	-8.38382E-1	-1.59930E-2	-4.24630E-2
+1.08823E+1	-8.46031E-1	-1.71374E-2	-4.27517E-2
+1.08970E+1	-8.53461E-1	-1.63744E-2	-4.30093E-2
+1.09117E+1	-8.60721E-1	-2.64452E-2	-4.32892E-2
+1.09265E+1	-8.67857E-1	-1.60693E-2	-4.35502E-2
+1.09412E+1	-8.74773E-1	-1.20257E-2	-4.38031E-2
+1.09560E+1	-8.81559E-1	-1.65270E-2	-4.40538E-2
+1.09707E+1	-8.88125E-1	-2.05706E-2	-4.42829E-2
+1.09855E+1	-8.94557E-1	-1.26360E-2	-4.45135E-2
+1.10002E+1	-9.00767E-1	-1.30938E-2	-4.47349E-2
+1.10150E+1	-9.06838E-1	-1.21020E-2	-4.49483E-2
+1.10297E+1	-9.12688E-1	-1.72137E-2	-4.51575E-2
+1.10445E+1	-9.18395E-1	-1.60693E-2	-4.53471E-2
+1.10592E+1	-9.23880E-1	-1.64507E-2	-4.55279E-2
+1.10739E+1	-9.29181E-1	-1.77477E-2	-4.57071E-2
+1.10887E+1	-9.34332E-1	-6.83770E-3	-4.58849E-2
+1.11034E+1	-9.39262E-1	-1.47723E-2	-4.60523E-2
+1.11182E+1	-9.44037E-1	-8.74505E-3	-4.62101E-2
+1.11329E+1	-9.48592E-1	-5.84588E-3	-4.63683E-2
+1.11477E+1	-9.52987E-1	-1.54589E-2	-4.65027E-2
+1.11624E+1	-9.57163E-1	-7.37176E-3	-4.66422E-2
+1.11772E+1	-9.61175E-1	-6.83770E-3	-4.67758E-2
+1.11919E+1	-9.64968E-1	-1.12627E-2	-4.68929E-2
+1.12067E+1	-9.68594E-1	-3.52714E-4	-4.70068E-2
+1.12214E+1	-9.72002E-1	-1.16442E-2	-4.71202E-2
+1.12361E+1	-9.75217E-1	-1.45434E-2	-4.72232E-2
+1.12509E+1	-9.78258E-1	-1.04235E-2	-4.73281E-2
+1.12656E+1	-9.81083E-1	-1.79003E-2	-4.74107E-2
+1.12804E+1	-9.83731E-1	-9.63066E-4	-4.74954E-2
+1.12951E+1	-9.86165E-1	+1.78352E-3	-4.75820E-2
+1.13099E+1	-9.88418E-1	+1.47834E-3	-4.76466E-2
+1.13246E+1	-9.90459E-1	+2.57637E-4	-4.77372E-2
+1.13394E+1	-9.92314E-1	-1.25597E-2	-4.77881E-2
+1.13541E+1	-9.93960E-1	-3.55706E-3	-4.78495E-2
+1.13689E+1	-9.95417E-1	-1.08050E-2	-4.78868E-2
+1.13836E+1	-9.96666E-1	-2.64153E-3	-4.79271E-2
+1.13983E+1	-9.97717E-1	-1.29412E-2	-4.79732E-2
+1.14131E+1	-9.98574E-1	+1.05049E-4	-4.79899E-2
+1.14278E+1	-9.99228E-1	+3.00422E-3	-4.80292E-2
+1.14426E+1	-9.99685E-1	+7.91695E-4	-4.80322E-2
+1.14573E+1	-9.99939E-1	-3.86224E-3	-4.80515E-2
+1.14721E+1	-9.99995E-1	-3.48077E-3	-4.80524E-2
+1.14868E+1	-9.99851E-1	-1.03936E-3	-4.80551E-2
+1.15016E+1	-9.99506E-1	-4.85406E-3	-4.80494E-2
+1.15163E+1	-9.98963E-1	+2.69904E-3	-4.80382E-2
+1.15311E+1	-9.98217E-1	+1.04810E-2	-4.80415E-2
+1.15458E+1	-9.97276E-1	-3.52714E-4	-4.80441E-2
+1.15606E+1	-9.96129E-1	-3.40447E-3	-4.80342E-2
+1.15753E+1	-9.94792E-1	-6.15105E-3	-4.80215E-2
+1.15900E+1	-9.93256E-1	-2.79412E-3	-4.80102E-2
+1.16048E+1	-9.91511E-1	+4.91157E-3	-4.79971E-2
+1.16195E+1	-9.89581E-1	-8.10478E-4	-4.79619E-2
+1.16343E+1	-9.87438E-1	+2.42139E-2	-4.79487E-2
+1.16490E+1	-9.85113E-1	+2.11622E-2	-4.79417E-2
+1.16638E+1	-9.82575E-1	+7.81074E-3	-4.79046E-2
+1.16785E+1	-9.79858E-1	-5.61700E-3	-4.78719E-2
+1.16933E+1	-9.76926E-1	-3.55706E-3	-4.78335E-2
+1.17080E+1	-9.73819E-1	-2.56524E-3	-4.77968E-2
+1.17228E+1	-9.70495E-1	+3.53828E-3	-4.77590E-2
+1.17375E+1	-9.67001E-1	+2.69904E-3	-4.77160E-2
+1.17522E+1	-9.63314E-1	+1.55463E-3	-4.76547E-2
+1.17670E+1	-9.59409E-1	+1.09687E-3	-4.76117E-2
+1.17817E+1	-9.55340E-1	+2.62275E-3	-4.75407E-2
+1.17965E+1	-9.51051E-1	+2.31757E-3	-4.74801E-2
+1.18112E+1	-9.46601E-1	+7.81074E-3	-4.74117E-2
+1.18260E+1	-9.41931E-1	+7.04780E-3	-4.73395E-2
+1.18407E+1	-9.37105E-1	+4.68269E-3	-4.72501E-2
+1.18555E+1	-9.32058E-1	+2.69904E-3	-4.71649E-2
+1.18702E+1	-9.26859E-1	+6.66633E-3	-4.70685E-2
+1.18850E+1	-9.21440E-1	+1.24946E-3	-4.69782E-2
+1.18997E+1	-9.15873E-1	+1.93610E-3	-4.68732E-2
+1.19144E+1	-9.10124E-1	+1.27698E-2	-4.67594E-2
+1.19292E+1	-9.04153E-1	+1.24647E-2	-4.66360E-2
+1.19439E+1	-8.98043E-1	+1.36854E-2	-4.65103E-2
+1.19587E+1	-8.91711E-1	+1.41431E-2	-4.63694E-2
+1.19734E+1	-8.85243E-1	+1.10914E-2	-4.62236E-2
+1.19882E+1	-8.78555E-1	+1.00996E-2	-4.60631E-2
+1.20029E+1	-8.71736E-1	+6.66633E-3	-4.59149E-2
+1.20177E+1	-8.64696E-1	+5.82710E-3	-4.57553E-2
+1.20324E+1	-8.57531E-1	+1.22358E-2	-4.55810E-2
+1.20472E+1	-8.50146E-1	+1.12440E-2	-4.53911E-2
+1.20619E+1	-8.42641E-1	+1.34565E-2	-4.51891E-2
+1.20766E+1	-8.34968E-1	+1.26173E-2	-4.49807E-2
+1.20914E+1	-8.27076E-1	+1.07862E-2	-4.47628E-2
+1.21061E+1	-8.19073E-1	+1.44483E-2	-4.45443E-2
+1.21209E+1	-8.10850E-1	+1.23121E-2	-4.42947E-2
+1.21356E+1	-8.02522E-1	+1.00233E-2	-4.40490E-2
+1.21504E+1	-7.93975E-1	+1.79578E-2	-4.37862E-2
+1.21651E+1	-7.85329E-1	+1.20069E-2	-4.35147E-2
+1.21799E+1	-7.76466E-1	+2.08570E-2	-4.32437E-2
+1.21946E+1	-7.67508E-1	+2.16199E-2	-4.29452E-2
+1.22094E+1	-7.58335E-1	+2.39851E-2	-4.26668E-2
+1.22241E+1	-7.49073E-1	+1.68897E-2	-4.23360E-2
+1.22388E+1	-7.39662E-1	+2.61976E-2	-4.20383E-2
+1.22536E+1	-7.30039E-1	+1.39905E-2	-4.16710E-2
+1.22683E+1	-7.20335E-1	+3.99305E-2	-4.13464E-2
+1.22831E+1	-7.10421E-1	+1.42957E-2	-4.09998E-2
+1.22978E+1	-7.00432E-1	+2.78760E-2	-4.05957E-2
+1.23126E+1	-6.90235E-1	+3.87098E-2	-4.02535E-2
+1.23273E+1	-6.79969E-1	+1.63093E-3	-3.98374E-2
+1.23421E+1	-6.69496E-1	+3.65736E-2	-3.94039E-2
+1.23568E+1	-6.58961E-1	+4.51185E-2	-3.90504E-2
+1.23716E+1	-6.48222E-1	+7.04780E-3	-3.86061E-2
+1.23863E+1	-6.37427E-1	+3.16907E-2	-3.81235E-2
+1.24010E+1	-6.26505E-1	+4.88569E-2	-3.77095E-2
+1.24158E+1	-6.15383E-1	+3.58106E-2	-3.72557E-2
+1.24305E+1	-6.04213E-1	+2.42139E-2	-3.67740E-2
+1.24453E+1	-5.92846E-1	+2.48243E-2	-3.62620E-2
+1.24600E+1	-5.81438E-1	+2.46717E-2	-3.57605E-2
+1.24748E+1	-5.69836E-1	+3.19959E-2	-3.52451E-2
+1.24895E+1	-5.58198E-1	+3.68787E-2	-3.47221E-2
+1.25043E+1	-5.46369E-1	+4.09986E-2	-3.41916E-2
+1.25190E+1	-5.34512E-1	+4.51185E-2	-3.36338E-2
+1.25338E+1	-5.22466E-1	+4.34400E-2	-3.30861E-2
+1.25485E+1	-5.10397E-1	+4.67969E-2	-3.25007E-2
+1.25633E+1	-4.98145E-1	+4.51185E-2	-3.19201E-2
+1.25780E+1	-4.85875E-1	+4.32874E-2	-3.13043E-2
+1.25927E+1	-4.73509E-1	+4.89332E-2	-3.07275E-2
+1.26075E+1	-4.60964E-1	+4.51185E-2	-3.00750E-2
+1.26222E+1	-4.48412E-1	+4.63392E-2	-2.94623E-2
+1.26370E+1	-4.35684E-1	+3.99305E-2	-2.87765E-2
+1.26517E+1	-4.22956E-1	+3.93201E-2	-2.81503E-2
+1.26665E+1	-4.10056E-1	+3.51240E-2	-2.74548E-2
+1.26812E+1	-3.97162E-1	+4.14564E-2	-2.67849E-2
+1.26960E+1	-3.84100E-1	+4.06171E-2	-2.60832E-2
+1.27107E+1	-3.71050E-1	+4.69495E-2	-2.53873E-2
+1.27255E+1	-3.57837E-1	+5.43500E-2	-2.46564E-2
+1.27402E+1	-3.44641E-1	+5.64100E-2	-2.39136E-2
+1.27549E+1	-3.31378E-1	+5.53419E-2	-2.31668E-2
+1.27697E+1	-3.17957E-1	+5.19086E-2	-2.23995E-2
+1.27844E+1	-3.04564E-1	+5.61048E-2	-2.16208E-2
+1.27992E+1	-2.91019E-1	+4.98487E-2	-2.08181E-2
+1.28139E+1	-2.77507E-1	+5.32056E-2	-2.00392E-2
+1.28287E+1	-2.63847E-1	+4.65681E-2	-1.92151E-2
+1.28434E+1	-2.50227E-1	+5.35871E-2	-1.84114E-2
+1.28582E+1	-2.36465E-1	+5.25953E-2	-1.75683E-2
+1.28729E+1	-2.22748E-1	+6.33527E-2	-1.67176E-2
+1.28877E+1	-2.08893E-1	+6.14454E-2	-1.58492E-2
+1.29024E+1	-1.95090E-1	+5.99958E-2	-1.49696E-2
+1.29171E+1	-1.81249E-1	+5.75544E-2	-1.41150E-2
+1.29319E+1	-1.67277E-1	+5.79359E-2	-1.32235E-2
+1.29466E+1	-1.53366E-1	+4.55762E-2	-1.23704E-2
+1.29614E+1	-1.39329E-1	+5.77833E-2	-1.14890E-2
+1.29761E+1	-1.25360E-1	+6.66334E-2	-1.05923E-2
+1.29909E+1	-1.11270E-1	+6.64808E-2	-9.68792E-3
+1.30056E+1	-9.72538E-2	+6.77015E-2	-8.75864E-3
+1.30204E+1	-8.31224E-2	+6.20557E-2	-7.86282E-3
+1.30351E+1	-6.90700E-2	+5.47315E-2	-6.95473E-3
+1.30499E+1	-5.49081E-2	+4.96961E-2	-6.04929E-3
+1.30646E+1	-4.08309E-2	+5.94617E-2	-5.15649E-3
+1.30793E+1	-2.67456E-2	+7.06007E-2	-4.22563E-3
+1.30941E+1	-1.25591E-2	+6.66334E-2	-3.27641E-3
+1.31088E+1	+1.53398E-3	+6.69385E-2	-2.33300E-3
+1.31236E+1	+1.57227E-2	+5.22901E-2	-1.44827E-3
+1.31383E+1	+2.98123E-2	+5.50367E-2	-5.38015E-4
+1.31531E+1	+4.39919E-2	+6.02247E-2	+3.90206E-4
+1.31678E+1	+5.80668E-2	+6.44971E-2	+1.29439E-3
+1.31826E+1	+7.22259E-2	+6.64045E-2	+2.22880E-3
+1.31973E+1	+8.62749E-2	+6.99140E-2	+3.14765E-3
+1.32121E+1	+1.00402E-1	+6.08350E-2	+4.07708E-3
+1.32268E+1	+1.14414E-1	+5.25953E-2	+4.94835E-3
+1.32415E+1	+1.28403E-1	+5.30530E-2	+5.83597E-3
+1.32563E+1	+1.42461E-1	+5.94617E-2	+6.71610E-3
+1.32710E+1	+1.56397E-1	+6.58704E-2	+7.60970E-3
+1.32858E+1	+1.70395E-1	+5.96906E-2	+8.49822E-3
+1.33005E+1	+1.84265E-1	+6.74726E-2	+9.37310E-3
+1.33153E+1	+1.98192E-1	+5.51893E-2	+1.02587E-2
+1.33300E+1	+2.11986E-1	+5.33582E-2	+1.10813E-2
+1.33448E+1	+2.25831E-1	+4.90858E-2	+1.19282E-2
+1.33595E+1	+2.39538E-1	+5.96906E-2	+1.27485E-2
+1.33743E+1	+2.53289E-1	+6.15980E-2	+1.35937E-2
+1.33890E+1	+2.66898E-1	+5.68677E-2	+1.44231E-2
+1.34038E+1	+2.80545E-1	+5.76307E-2	+1.52383E-2
+1.34185E+1	+2.94044E-1	+5.45789E-2	+1.60552E-2
+1.34332E+1	+3.07485E-1	+5.67152E-2	+1.68381E-2
+1.34480E+1	+3.20955E-1	+4.93909E-2	+1.76313E-2
+1.34627E+1	+3.34271E-1	+4.74836E-2	+1.83970E-2
+1.34775E+1	+3.47610E-1	+4.25245E-2	+1.91653E-2
+1.34922E+1	+3.60789E-1	+5.06879E-2	+1.99110E-2
+1.35070E+1	+3.73986E-1	+5.26716E-2	+2.06646E-2
+1.35217E+1	+3.87019E-1	+5.53419E-2	+2.14148E-2
+1.35365E+1	+4.00064E-1	+5.53419E-2	+2.21411E-2
+1.35512E+1	+4.12940E-1	+5.03065E-2	+2.28574E-2
+1.35660E+1	+4.25821E-1	+4.90095E-2	+2.35572E-2
+1.35807E+1	+4.38530E-1	+4.42029E-2	+2.42595E-2
+1.35954E+1	+4.51152E-1	+4.54999E-2	+2.49391E-2
+1.36102E+1	+4.63770E-1	+3.93201E-2	+2.56076E-2
+1.36249E+1	+4.76209E-1	+4.74073E-2	+2.62769E-2
+1.36397E+1	+4.88638E-1	+3.61921E-2	+2.69324E-2
+1.36544E+1	+5.00885E-1	+4.81702E-2	+2.75634E-2
+1.36692E+1	+5.13116E-1	+3.91675E-2	+2.81946E-2
+1.36839E+1	+5.25161E-1	+4.36689E-2	+2.88123E-2
+1.36987E+1	+5.37183E-1	+4.15327E-2	+2.94360E-2
+1.37134E+1	+5.49016E-1	+3.39796E-2	+3.00310E-2
+1.37282E+1	+5.60820E-1	+3.76417E-2	+3.06194E-2
+1.37429E+1	+5.72433E-1	+3.41321E-2	+3.12107E-2
+1.37576E+1	+5.83931E-1	+3.87861E-2	+3.17755E-2
+1.37724E+1	+5.95391E-1	+4.06934E-2	+3.23331E-2
+1.37871E+1	+6.06655E-1	+4.78651E-2	+3.28595E-2
+1.38019E+1	+6.17873E-1	+4.06171E-2	+3.33808E-2
+1.38166E+1	+6.28893E-1	+3.03175E-2	+3.39042E-2
+1.38314E+1	+6.39862E-1	+2.14674E-2	+3.44291E-2
+1.38461E+1	+6.50628E-1	+3.15382E-2	+3.49436E-2
+1.38609E+1	+6.61338E-1	+4.37452E-2	+3.54359E-2
+1.38756E+1	+6.71843E-1	+3.66498E-2	+3.58810E-2
+1.38904E+1	+6.82285E-1	+1.67371E-2	+3.63835E-2
+1.39051E+1	+6.92520E-1	+3.96253E-2	+3.68435E-2
+1.39198E+1	+7.02618E-1	+3.80994E-2	+3.72563E-2
+1.39346E+1	+7.12644E-1	+1.00233E-2	+3.77017E-2
+1.39493E+1	+7.22460E-1	+3.91675E-2	+3.81656E-2
+1.39641E+1	+7.32197E-1	+3.63447E-2	+3.85267E-2
+1.39788E+1	+7.41723E-1	+1.13966E-2	+3.89716E-2
+1.39936E+1	+7.51165E-1	+4.42792E-2	+3.93510E-2
+1.40083E+1	+7.60394E-1	+5.75080E-3	+3.97310E-2
+1.40231E+1	+7.69532E-1	+3.65736E-2	+4.01365E-2
+1.40378E+1	+7.78456E-1	+1.73475E-2	+4.04746E-2
+1.40526E+1	+7.87284E-1	+3.24537E-2	+4.08454E-2
+1.40673E+1	+7.95895E-1	+1.88734E-2	+4.11777E-2
+1.40820E+1	+8.04348E-1	+2.38325E-2	+4.14970E-2
+1.40968E+1	+8.12698E-1	+2.11622E-2	+4.18410E-2
+1.41115E+1	+8.20829E-1	+2.03229E-2	+4.21421E-2
+1.41263E+1	+8.28850E-1	+2.25355E-2	+4.24405E-2
+1.41410E+1	+8.36653E-1	+1.86445E-2	+4.27532E-2
+1.41558E+1	+8.44340E-1	+1.28461E-2	+4.30347E-2
+1.41705E+1	+8.51808E-1	+1.54401E-2	+4.33014E-2
+1.41853E+1	+8.59155E-1	+2.23829E-2	+4.35680E-2
+1.42000E+1	+8.66281E-1	+1.97889E-2	+4.38321E-2
+1.42148E+1	+8.73282E-1	+1.57453E-2	+4.40925E-2
+1.42295E+1	+8.80061E-1	+1.42957E-2	+4.43409E-2
+1.42442E+1	+8.86666E-1	+1.32276E-2	+4.45568E-2
+1.42590E+1	+8.93138E-1	+8.11591E-3	+4.47830E-2
+1.42737E+1	+8.99388E-1	+1.59742E-2	+4.49959E-2
+1.42885E+1	+9.05500E-1	+1.21595E-2	+4.52086E-2
+1.43032E+1	+9.11391E-1	+1.00996E-2	+4.54056E-2
+1.43180E+1	+9.17138E-1	+1.04810E-2	+4.56060E-2
+1.43327E+1	+9.22664E-1	+8.95515E-3	+4.57897E-2
+1.43475E+1	+9.28043E-1	+1.09388E-2	+4.59833E-2
+1.43622E+1	+9.33200E-1	+1.47535E-2	+4.61444E-2
+1.43770E+1	+9.38205E-1	+1.54401E-2	+4.62935E-2
+1.43917E+1	+9.42989E-1	+8.72627E-3	+4.64574E-2
+1.44065E+1	+9.47616E-1	+1.17017E-2	+4.66077E-2
+1.44212E+1	+9.52024E-1	+1.09388E-2	+4.67489E-2
+1.44359E+1	+9.56242E-1	+7.42927E-3	+4.68754E-2
+1.44507E+1	+9.60297E-1	+6.89521E-3	+4.70093E-2
+1.44654E+1	+9.64133E-1	+8.34480E-3	+4.71317E-2
+1.44802E+1	+9.67802E-1	-1.11565E-3	+4.72391E-2
+1.44949E+1	+9.71253E-1	+8.34480E-3	+4.73536E-2
+1.45097E+1	+9.74533E-1	+1.35328E-2	+4.74619E-2
+1.45244E+1	+9.77597E-1	+5.52192E-3	+4.75634E-2
+1.45392E+1	+9.80485E-1	+1.30750E-2	+4.76434E-2
+1.45539E+1	+9.83158E-1	+6.36115E-3	+4.77117E-2
+1.45687E+1	+9.85652E-1	+3.30940E-3	+4.77890E-2
+1.45834E+1	+9.87933E-1	+1.32276E-2	+4.78602E-2
+1.45981E+1	+9.90018E-1	+2.62275E-3	+4.79200E-2
+1.46129E+1	+9.91918E-1	-5.38811E-3	+4.79897E-2
+1.46276E+1	+9.93608E-1	+2.01240E-3	+4.80250E-2
+1.46424E+1	+9.95109E-1	+1.63093E-3	+4.80668E-2
+1.46571E+1	+9.96403E-1	-2.03118E-3	+4.81117E-2
+1.46719E+1	+9.97505E-1	-3.93853E-3	+4.81432E-2
+1.46866E+1	+9.98401E-1	+1.38380E-2	+4.81711E-2
+1.47014E+1	+9.99102E-1	+8.34480E-3	+4.81792E-2
+1.47161E+1	+9.99600E-1	-3.17559E-3	+4.81989E-2
+1.47309E+1	+9.99901E-1	-5.08294E-3	+4.82271E-2
