+0.00000E+0	+0.00000E+0	-8.37205E-3	-4.18602E-7
+1.47000E-2	+1.40930E-2	+4.64833E-2	+5.07589E-4
+2.95000E-2	+2.82790E-2	+4.82381E-2	+1.03774E-3
+4.42000E-2	+4.23635E-2	+2.84016E-2	+1.65499E-3
+5.90000E-2	+5.65354E-2	+5.16713E-2	+2.30130E-3
+7.37000E-2	+7.06002E-2	+4.49574E-2	+2.98218E-3
+8.85000E-2	+8.47465E-2	+5.22053E-2	+3.69182E-3
+1.03200E-1	+9.87804E-2	+4.77803E-2	+4.39885E-3
+1.18000E-1	+1.12890E-1	+5.09083E-2	+5.11647E-3
+1.32700E-1	+1.26882E-1	+3.89302E-2	+5.81331E-3
+1.47500E-1	+1.40943E-1	+4.61781E-2	+6.52607E-3
+1.62200E-1	+1.54881E-1	+5.36549E-2	+7.24545E-3
+1.76900E-1	+1.68789E-1	+5.02217E-2	+7.97203E-3
+1.91700E-1	+1.82757E-1	+5.18239E-2	+8.67055E-3
+2.06400E-1	+1.96595E-1	+4.00746E-2	+9.39298E-3
+2.21200E-1	+2.10487E-1	+5.30446E-2	+1.00828E-2
+2.35900E-1	+2.24243E-1	+3.86250E-2	+1.07897E-2
+2.50700E-1	+2.38048E-1	+4.48811E-2	+1.14716E-2
+2.65400E-1	+2.51712E-1	+4.37367E-2	+1.21669E-2
+2.80200E-1	+2.65419E-1	+5.35023E-2	+1.28621E-2
+2.94900E-1	+2.78980E-1	+4.67885E-2	+1.35443E-2
+3.09700E-1	+2.92577E-1	+4.30501E-2	+1.42285E-2
+3.24400E-1	+3.06025E-1	+4.88484E-2	+1.48748E-2
+3.39100E-1	+3.19411E-1	+4.73225E-2	+1.55378E-2
+3.53900E-1	+3.32825E-1	+4.57967E-2	+1.61922E-2
+3.68600E-1	+3.46081E-1	+3.90828E-2	+1.68564E-2
+3.83400E-1	+3.59358E-1	+3.99983E-2	+1.74839E-2
+3.98100E-1	+3.72474E-1	+3.64888E-2	+1.81255E-2
+4.12900E-1	+3.85605E-1	+4.45760E-2	+1.87662E-2
+4.27600E-1	+3.98569E-1	+4.52626E-2	+1.93827E-2
+4.42400E-1	+4.11542E-1	+4.93825E-2	+2.00032E-2
+4.57100E-1	+4.24346E-1	+4.67122E-2	+2.06045E-2
+4.71900E-1	+4.37151E-1	+4.30501E-2	+2.12092E-2
+4.86600E-1	+4.49783E-1	+4.12190E-2	+2.18043E-2
+5.01400E-1	+4.62410E-1	+3.44289E-2	+2.23752E-2
+5.16100E-1	+4.74860E-1	+3.66414E-2	+2.29579E-2
+5.30800E-1	+4.87215E-1	+3.43526E-2	+2.35179E-2
+5.45600E-1	+4.99557E-1	+3.30556E-2	+2.40648E-2
+5.60300E-1	+5.11716E-1	+3.16823E-2	+2.46110E-2
+5.75100E-1	+5.23855E-1	+2.79439E-2	+2.51513E-2
+5.89800E-1	+5.35807E-1	+3.39711E-2	+2.56882E-2
+6.04600E-1	+5.47734E-1	+3.35896E-2	+2.62218E-2
+6.19300E-1	+5.59470E-1	+3.51918E-2	+2.67371E-2
+6.34100E-1	+5.71174E-1	+3.47340E-2	+2.72645E-2
+6.48800E-1	+5.82685E-1	+4.33552E-2	+2.77663E-2
+6.63600E-1	+5.94158E-1	+4.16768E-2	+2.82542E-2
+6.78300E-1	+6.05435E-1	+3.83961E-2	+2.87310E-2
+6.93000E-1	+6.16591E-1	+2.67995E-2	+2.91986E-2
+7.07800E-1	+6.27700E-1	+2.01619E-2	+2.96943E-2
+7.22500E-1	+6.38608E-1	+2.22981E-2	+3.01759E-2
+7.37300E-1	+6.49463E-1	+4.23634E-2	+3.06240E-2
+7.52000E-1	+6.60114E-1	+4.41182E-2	+3.10454E-2
+7.66800E-1	+6.70706E-1	+1.95515E-2	+3.14763E-2
+7.81500E-1	+6.81093E-1	+1.81782E-2	+3.19436E-2
+7.96300E-1	+6.91413E-1	+4.41182E-2	+3.23480E-2
+8.11000E-1	+7.01526E-1	+3.03853E-2	+3.27172E-2
+8.25800E-1	+7.11567E-1	+1.92764E-3	+3.31604E-2
+8.40500E-1	+7.21398E-1	+4.25160E-2	+3.35594E-2
+8.55200E-1	+7.31086E-1	+2.45869E-2	+3.38956E-2
+8.70000E-1	+7.40694E-1	+1.23799E-2	+3.43198E-2
+8.84700E-1	+7.50088E-1	+3.83198E-2	+3.46500E-2
+8.99500E-1	+7.59396E-1	+1.19221E-2	+3.50333E-2
+9.14200E-1	+7.68490E-1	+3.52681E-2	+3.53767E-2
+9.29000E-1	+7.77492E-1	+1.93227E-2	+3.57208E-2
+9.43700E-1	+7.86278E-1	+2.82490E-2	+3.60446E-2
+9.58500E-1	+7.94965E-1	+1.83308E-2	+3.63821E-2
+9.73200E-1	+8.03436E-1	+2.09248E-2	+3.66767E-2
+9.88000E-1	+8.11803E-1	+2.80965E-2	+3.69984E-2
+1.00270E+0	+8.19952E-1	+1.72627E-2	+3.72925E-2
+1.01740E+0	+8.27938E-1	+1.84834E-2	+3.75744E-2
+1.03220E+0	+8.35812E-1	+2.35188E-2	+3.78701E-2
+1.04690E+0	+8.43466E-1	+1.74916E-2	+3.81461E-2
+1.06170E+0	+8.51003E-1	+1.92464E-2	+3.84065E-2
+1.07640E+0	+8.58320E-1	+1.68050E-2	+3.86631E-2
+1.09120E+0	+8.65514E-1	+1.56605E-2	+3.89209E-2
+1.10590E+0	+8.72487E-1	+1.83308E-2	+3.91761E-2
+1.12070E+0	+8.79332E-1	+1.81782E-2	+3.94272E-2
+1.13540E+0	+8.85956E-1	+1.42110E-2	+3.96484E-2
+1.15020E+0	+8.92447E-1	+1.19221E-2	+3.98761E-2
+1.16490E+0	+8.98717E-1	+1.42110E-2	+4.00903E-2
+1.17960E+0	+9.04807E-1	+1.39058E-2	+4.03087E-2
+1.19440E+0	+9.10758E-1	+1.03200E-2	+4.05031E-2
+1.20910E+0	+9.16487E-1	+9.40444E-3	+4.07098E-2
+1.22390E+0	+9.22072E-1	+6.42898E-3	+4.09003E-2
+1.23860E+0	+9.27434E-1	+1.36769E-2	+4.10887E-2
+1.25340E+0	+9.32647E-1	+1.23036E-2	+4.12534E-2
+1.26810E+0	+9.37639E-1	+9.40444E-3	+4.14107E-2
+1.28290E+0	+9.42477E-1	+8.87039E-3	+4.15881E-2
+1.29760E+0	+9.47094E-1	+1.32954E-2	+4.17409E-2
+1.31240E+0	+9.51553E-1	+9.78591E-3	+4.18922E-2
+1.32710E+0	+9.55792E-1	+6.12380E-3	+4.20243E-2
+1.34180E+0	+9.59841E-1	+1.04726E-2	+4.21680E-2
+1.35660E+0	+9.63725E-1	+1.07014E-2	+4.22916E-2
+1.37130E+0	+9.67391E-1	+1.08840E-3	+4.24168E-2
+1.38610E+0	+9.70887E-1	+2.23281E-3	+4.25300E-2
+1.40080E+0	+9.74166E-1	+1.43636E-2	+4.26267E-2
+1.41560E+0	+9.77273E-1	+1.00911E-2	+4.27448E-2
+1.43030E+0	+9.80163E-1	+1.08540E-2	+4.28205E-2
+1.44510E+0	+9.82877E-1	+2.38540E-3	+4.29165E-2
+1.45980E+0	+9.85376E-1	-1.81077E-3	+4.30021E-2
+1.47460E+0	+9.87694E-1	+4.78052E-4	+4.30637E-2
+1.48930E+0	+9.89800E-1	-3.26035E-3	+4.31480E-2
+1.50410E+0	+9.91722E-1	+1.39058E-2	+4.32087E-2
+1.51880E+0	+9.93433E-1	-8.90610E-3	+4.32644E-2
+1.53350E+0	+9.94947E-1	-1.65818E-3	+4.33024E-2
+1.54830E+0	+9.96271E-1	+1.08840E-3	+4.33514E-2
+1.56300E+0	+9.97388E-1	+4.59793E-3	+4.33829E-2
+1.57780E+0	+9.98313E-1	+2.46169E-3	+4.33937E-2
+1.59250E+0	+9.99032E-1	-3.48923E-3	+4.34280E-2
+1.60730E+0	+9.99556E-1	+2.15652E-3	+4.34504E-2
+1.62200E+0	+9.99876E-1	+1.03963E-2	+4.34731E-2
+1.63680E+0	+9.99999E-1	+2.38540E-3	+4.34717E-2
+1.65150E+0	+9.99921E-1	-2.11594E-3	+4.34717E-2
+1.66630E+0	+9.99642E-1	+4.59793E-3	+4.34578E-2
+1.68100E+0	+9.99166E-1	-8.95239E-4	+4.34585E-2
+1.69570E+0	+9.98491E-1	-9.13498E-3	+4.34510E-2
+1.71050E+0	+9.97612E-1	-7.22764E-3	+4.34470E-2
+1.72520E+0	+9.96539E-1	+8.87039E-3	+4.34173E-2
+1.74000E+0	+9.95260E-1	-1.32299E-4	+4.34041E-2
+1.75470E+0	+9.93790E-1	-7.30393E-3	+4.33951E-2
+1.76950E+0	+9.92111E-1	-8.67722E-3	+4.33716E-2
+1.78420E+0	+9.90246E-1	+1.08540E-2	+4.33417E-2
+1.79900E+0	+9.88170E-1	-2.23338E-2	+4.33113E-2
+1.81370E+0	+9.85910E-1	-1.72221E-2	+4.33023E-2
+1.82850E+0	+9.83437E-1	-1.42930E-3	+4.32597E-2
+1.84320E+0	+9.80785E-1	+3.52981E-3	+4.32130E-2
+1.85790E+0	+9.77938E-1	-3.26035E-3	+4.31748E-2
+1.87270E+0	+9.74876E-1	-5.39658E-3	+4.31251E-2
+1.88740E+0	+9.71640E-1	+1.69876E-3	+4.30701E-2
+1.90220E+0	+9.68187E-1	-4.55735E-3	+4.30192E-2
+1.91690E+0	+9.64565E-1	-8.82981E-3	+4.29615E-2
+1.93170E+0	+9.60724E-1	-2.03965E-3	+4.28825E-2
+1.94640E+0	+9.56717E-1	-7.83799E-3	+4.28177E-2
+1.96120E+0	+9.52492E-1	+1.08840E-3	+4.27414E-2
+1.97590E+0	+9.48105E-1	+1.31729E-3	+4.26575E-2
+1.99070E+0	+9.43498E-1	-5.09141E-3	+4.25648E-2
+2.00540E+0	+9.38734E-1	-8.82981E-3	+4.24682E-2
+2.02010E+0	+9.33784E-1	-5.77805E-3	+4.23686E-2
+2.03490E+0	+9.28613E-1	-9.89792E-3	+4.22703E-2
+2.04960E+0	+9.23291E-1	-7.07505E-3	+4.21518E-2
+2.06440E+0	+9.17749E-1	-5.47288E-3	+4.20297E-2
+2.07910E+0	+9.12060E-1	-6.08323E-3	+4.18980E-2
+2.09390E+0	+9.06150E-1	-6.08323E-3	+4.17637E-2
+2.10860E+0	+9.00099E-1	-7.22764E-3	+4.16156E-2
+2.12340E+0	+8.93827E-1	-4.86252E-3	+4.14612E-2
+2.13810E+0	+8.87419E-1	-3.33665E-3	+4.13055E-2
+2.15290E+0	+8.80789E-1	+2.76687E-3	+4.11470E-2
+2.16760E+0	+8.74028E-1	-6.54099E-3	+4.09793E-2
+2.18230E+0	+8.67094E-1	-1.21104E-2	+4.07974E-2
+2.19710E+0	+8.59939E-1	-1.53911E-2	+4.05958E-2
+2.21180E+0	+8.52660E-1	-1.61540E-2	+4.03922E-2
+2.22660E+0	+8.45161E-1	-1.68407E-2	+4.01875E-2
+2.24130E+0	+8.37544E-1	-1.13475E-2	+3.99745E-2
+2.25610E+0	+8.29708E-1	-1.65355E-2	+3.97490E-2
+2.27080E+0	+8.21759E-1	-1.35600E-2	+3.95033E-2
+2.28560E+0	+8.13591E-1	-1.12712E-2	+3.92644E-2
+2.30030E+0	+8.05316E-1	-1.77562E-2	+3.90168E-2
+2.31510E+0	+7.96823E-1	-1.27208E-2	+3.87449E-2
+2.32980E+0	+7.88228E-1	-1.54674E-2	+3.84870E-2
+2.34460E+0	+7.79418E-1	-2.53093E-2	+3.81950E-2
+2.35930E+0	+7.70511E-1	-1.94347E-2	+3.79133E-2
+2.37400E+0	+7.61451E-1	-2.48515E-2	+3.76000E-2
+2.38880E+0	+7.52177E-1	-1.33312E-2	+3.72941E-2
+2.40350E+0	+7.42815E-1	-2.71404E-2	+3.69603E-2
+2.41830E+0	+7.33241E-1	-2.06554E-2	+3.66552E-2
+2.43300E+0	+7.23586E-1	-2.25627E-2	+3.62835E-2
+2.44780E+0	+7.13719E-1	-3.19469E-2	+3.59606E-2
+2.46250E+0	+7.03777E-1	-7.68540E-3	+3.55841E-2
+2.47730E+0	+6.93626E-1	-3.66771E-2	+3.52101E-2
+2.49200E+0	+6.83406E-1	-2.69878E-2	+3.48733E-2
+2.50680E+0	+6.72978E-1	-1.02794E-2	+3.44525E-2
+2.52150E+0	+6.62488E-1	-4.01866E-2	+3.40427E-2
+2.53620E+0	+6.51865E-1	-3.42357E-2	+3.36829E-2
+2.55100E+0	+6.41040E-1	-7.07505E-3	+3.32445E-2
+2.56570E+0	+6.30159E-1	-2.03502E-2	+3.27748E-2
+2.58050E+0	+6.19079E-1	-5.21648E-2	+3.23597E-2
+2.59520E+0	+6.07950E-1	-4.39250E-2	+3.19520E-2
+2.61000E+0	+5.96623E-1	-2.33257E-2	+3.14965E-2
+2.62470E+0	+5.85254E-1	-1.80614E-2	+3.10260E-2
+2.63950E+0	+5.73690E-1	-2.79033E-2	+3.05385E-2
+2.65420E+0	+5.62090E-1	-2.95818E-2	+3.00556E-2
+2.66900E+0	+5.50298E-1	-3.62956E-2	+2.95516E-2
+2.68370E+0	+5.38476E-1	-3.58379E-2	+2.90677E-2
+2.69840E+0	+5.26547E-1	-4.23229E-2	+2.85427E-2
+2.71320E+0	+5.14432E-1	-4.01103E-2	+2.80350E-2
+2.72790E+0	+5.02295E-1	-3.66771E-2	+2.74961E-2
+2.74270E+0	+4.89976E-1	-3.90422E-2	+2.69652E-2
+2.75740E+0	+4.77642E-1	-3.95000E-2	+2.64068E-2
+2.77220E+0	+4.65128E-1	-4.26280E-2	+2.58572E-2
+2.78690E+0	+4.52606E-1	-3.59905E-2	+2.52777E-2
+2.80170E+0	+4.39908E-1	-3.77452E-2	+2.47193E-2
+2.81640E+0	+4.27208E-1	-4.07207E-2	+2.41207E-2
+2.83120E+0	+4.14336E-1	-3.46172E-2	+2.35347E-2
+2.84590E+0	+4.01469E-1	-4.05681E-2	+2.29307E-2
+2.86060E+0	+3.88522E-1	-4.51457E-2	+2.23330E-2
+2.87540E+0	+3.75408E-1	-4.69768E-2	+2.16811E-2
+2.89010E+0	+3.62309E-1	-5.31566E-2	+2.10454E-2
+2.90490E+0	+3.49048E-1	-4.20940E-2	+2.03908E-2
+2.91960E+0	+3.35806E-1	-4.19414E-2	+1.97368E-2
+2.93440E+0	+3.22408E-1	-3.82793E-2	+1.90848E-2
+2.94910E+0	+3.09035E-1	-4.37724E-2	+1.84165E-2
+2.96390E+0	+2.95510E-1	-4.83501E-2	+1.77390E-2
+2.97860E+0	+2.82017E-1	-4.72820E-2	+1.70561E-2
+2.99340E+0	+2.68376E-1	-4.69768E-2	+1.63487E-2
+3.00810E+0	+2.54773E-1	-4.82738E-2	+1.56491E-2
+3.02280E+0	+2.41120E-1	-5.88786E-2	+1.49441E-2
+3.03760E+0	+2.27325E-1	-4.91130E-2	+1.42121E-2
+3.05230E+0	+2.13579E-1	-4.50694E-2	+1.34982E-2
+3.06710E+0	+1.99696E-1	-4.48406E-2	+1.27905E-2
+3.08180E+0	+1.85867E-1	-5.29277E-2	+1.20580E-2
+3.09660E+0	+1.71906E-1	-5.08678E-2	+1.13260E-2
+3.11130E+0	+1.58006E-1	-5.09441E-2	+1.05709E-2
+3.12610E+0	+1.43980E-1	-5.58269E-2	+9.84227E-3
+3.14080E+0	+1.30019E-1	-5.52165E-2	+9.06853E-3
+3.15560E+0	+1.15938E-1	-4.63664E-2	+8.32277E-3
+3.17030E+0	+1.01928E-1	-4.60613E-2	+7.59400E-3
+3.18500E+0	+8.78986E-2	-5.26225E-2	+6.83453E-3
+3.19980E+0	+7.37558E-2	-4.98760E-2	+6.08197E-3
+3.21450E+0	+5.96939E-2	-5.38432E-2	+5.31522E-3
+3.22930E+0	+4.55243E-2	-6.29985E-2	+4.55298E-3
+3.24400E+0	+3.14414E-2	-4.71294E-2	+3.77258E-3
+3.25880E+0	+1.72564E-2	-4.89604E-2	+3.02387E-3
+3.27350E+0	+3.16383E-3	-4.82738E-2	+2.27102E-3
+3.28830E+0	-1.10253E-2	-5.78105E-2	+1.49350E-3
+3.30300E+0	-2.51163E-2	-4.62138E-2	+7.38767E-4
+3.31780E+0	-3.92981E-2	-6.09386E-2	-4.86718E-5
+3.33250E+0	-5.33763E-2	-5.78105E-2	-8.34251E-4
+3.34730E+0	-6.75396E-2	-4.10259E-2	-1.59828E-3
+3.36200E+0	-8.15937E-2	-4.89604E-2	-2.34708E-3
+3.37670E+0	-9.56316E-2	-5.01811E-2	-3.08375E-3
+3.39150E+0	-1.09746E-1	-5.07915E-2	-3.84338E-3
+3.40620E+0	-1.23743E-1	-5.52165E-2	-4.58879E-3
+3.42100E+0	-1.37810E-1	-5.59032E-2	-5.35370E-3
+3.43570E+0	-1.51755E-1	-5.20885E-2	-6.09541E-3
+3.45050E+0	-1.65764E-1	-3.99577E-2	-6.82408E-3
+3.46520E+0	-1.79646E-1	-4.28569E-2	-7.53179E-3
+3.48000E+0	-1.93586E-1	-5.24699E-2	-8.25927E-3
+3.49470E+0	-2.07393E-1	-4.46117E-2	-8.97109E-3
+3.50950E+0	-2.21252E-1	-5.32329E-2	-9.69513E-3
+3.52420E+0	-2.34974E-1	-5.50639E-2	-1.04070E-2
+3.53890E+0	-2.48649E-1	-5.32329E-2	-1.11149E-2
+3.55370E+0	-2.62367E-1	-4.09496E-2	-1.18113E-2
+3.56840E+0	-2.75940E-1	-4.08733E-2	-1.24972E-2
+3.58320E+0	-2.89551E-1	-4.38487E-2	-1.31618E-2
+3.59790E+0	-3.03011E-1	-4.52983E-2	-1.38450E-2
+3.61270E+0	-3.16502E-1	-4.65953E-2	-1.45197E-2
+3.62740E+0	-3.29839E-1	-4.10259E-2	-1.51799E-2
+3.64220E+0	-3.43201E-1	-4.43828E-2	-1.58327E-2
+3.65690E+0	-3.56404E-1	-4.88078E-2	-1.64929E-2
+3.67170E+0	-3.69625E-1	-5.10967E-2	-1.71367E-2
+3.68640E+0	-3.82683E-1	-4.30858E-2	-1.77713E-2
+3.70110E+0	-3.95666E-1	-4.45354E-2	-1.84002E-2
+3.71590E+0	-4.08657E-1	-3.85082E-2	-1.90282E-2
+3.73060E+0	-4.21479E-1	-3.47698E-2	-1.96456E-2
+3.74540E+0	-4.34303E-1	-3.43120E-2	-2.02440E-2
+3.76010E+0	-4.46955E-1	-2.84374E-2	-2.08476E-2
+3.77490E+0	-4.59602E-1	-4.10259E-2	-2.14400E-2
+3.78960E+0	-4.72073E-1	-3.22521E-2	-2.20134E-2
+3.80440E+0	-4.84534E-1	-4.36198E-2	-2.25940E-2
+3.81910E+0	-4.96814E-1	-3.40831E-2	-2.31497E-2
+3.83390E+0	-5.09078E-1	-3.94237E-2	-2.37236E-2
+3.84860E+0	-5.21157E-1	-3.33965E-2	-2.42668E-2
+3.86330E+0	-5.33133E-1	-3.65245E-2	-2.48114E-2
+3.87810E+0	-5.45084E-1	-3.15654E-2	-2.53459E-2
+3.89280E+0	-5.56845E-1	-2.91240E-2	-2.58790E-2
+3.90760E+0	-5.68574E-1	-2.63774E-2	-2.63918E-2
+3.92230E+0	-5.80111E-1	-2.72929E-2	-2.69074E-2
+3.93710E+0	-5.91610E-1	-2.92766E-2	-2.74153E-2
+3.95180E+0	-6.02914E-1	-3.53038E-2	-2.79101E-2
+3.96660E+0	-6.14173E-1	-4.42302E-2	-2.83983E-2
+3.98130E+0	-6.25234E-1	-4.08733E-2	-2.88470E-2
+3.99610E+0	-6.36244E-1	-2.89714E-2	-2.93116E-2
+4.01080E+0	-6.47054E-1	-2.11894E-2	-2.97941E-2
+4.02550E+0	-6.57734E-1	-2.85899E-2	-3.02485E-2
+4.04030E+0	-6.68356E-1	-4.48406E-2	-3.06833E-2
+4.05500E+0	-6.78773E-1	-2.37071E-2	-3.10848E-2
+4.06980E+0	-6.89124E-1	-1.00505E-2	-3.15499E-2
+4.08450E+0	-6.99268E-1	-4.72820E-2	-3.19741E-2
+4.09930E+0	-7.09340E-1	-3.73637E-2	-3.23309E-2
+4.11400E+0	-7.19204E-1	-1.65818E-3	-3.27603E-2
+4.12880E+0	-7.28990E-1	-3.81267E-2	-3.31644E-2
+4.14350E+0	-7.38564E-1	-2.62248E-2	-3.35010E-2
+4.15830E+0	-7.48056E-1	-1.79851E-2	-3.39344E-2
+4.17300E+0	-7.57334E-1	-3.43883E-2	-3.42489E-2
+4.18780E+0	-7.66524E-1	-1.15764E-2	-3.46356E-2
+4.20250E+0	-7.75498E-1	-3.26335E-2	-3.49661E-2
+4.21720E+0	-7.84319E-1	-2.23338E-2	-3.53192E-2
+4.23200E+0	-7.93042E-1	-2.31731E-2	-3.56349E-2
+4.24670E+0	-8.01548E-1	-1.88243E-2	-3.59825E-2
+4.26150E+0	-8.09951E-1	-1.27971E-2	-3.62975E-2
+4.27620E+0	-8.18136E-1	-2.53856E-2	-3.65977E-2
+4.29100E+0	-8.26213E-1	-1.64592E-2	-3.69119E-2
+4.30570E+0	-8.34070E-1	-1.31023E-2	-3.72047E-2
+4.32050E+0	-8.41814E-1	-1.99687E-2	-3.74821E-2
+4.33520E+0	-8.49337E-1	-2.09605E-2	-3.77678E-2
+4.35000E+0	-8.56741E-1	-2.12657E-2	-3.80417E-2
+4.36470E+0	-8.63925E-1	-1.76799E-2	-3.82946E-2
+4.37940E+0	-8.70936E-1	-7.22764E-3	-3.85438E-2
+4.39420E+0	-8.77821E-1	-1.28734E-2	-3.87806E-2
+4.40890E+0	-8.84484E-1	-1.96635E-2	-3.90178E-2
+4.42370E+0	-8.91015E-1	-1.98161E-2	-3.92470E-2
+4.43840E+0	-8.97325E-1	-1.98161E-2	-3.94803E-2
+4.45320E+0	-9.03497E-1	-1.73747E-2	-3.96924E-2
+4.46790E+0	-9.09447E-1	-1.67644E-2	-3.99082E-2
+4.48270E+0	-9.15256E-1	-1.73747E-2	-4.00994E-2
+4.49740E+0	-9.20842E-1	-1.89006E-2	-4.02887E-2
+4.51220E+0	-9.26283E-1	-7.76169E-3	-4.04662E-2
+4.52690E+0	-9.31501E-1	-5.62546E-3	-4.06641E-2
+4.54160E+0	-9.36535E-1	-7.83799E-3	-4.08447E-2
+4.55640E+0	-9.41415E-1	-2.14183E-2	-4.09994E-2
+4.57110E+0	-9.46074E-1	-1.11186E-2	-4.11553E-2
+4.58590E+0	-9.50575E-1	-1.21867E-2	-4.12962E-2
+4.60060E+0	-9.54857E-1	-3.18406E-3	-4.14506E-2
+4.61540E+0	-9.58976E-1	-1.12712E-2	-4.15860E-2
+4.63010E+0	-9.62876E-1	-1.14238E-2	-4.17077E-2
+4.64490E+0	-9.66609E-1	-7.30393E-3	-4.18424E-2
+4.65960E+0	-9.70124E-1	-5.13769E-4	-4.19524E-2
+4.67440E+0	-9.73469E-1	-9.82163E-3	-4.20610E-2
+4.68910E+0	-9.76597E-1	-1.23393E-2	-4.21543E-2
+4.70380E+0	-9.79531E-1	-1.39415E-2	-4.22577E-2
+4.71860E+0	-9.82289E-1	-1.88706E-3	-4.23414E-2
+4.73330E+0	-9.84832E-1	-4.55735E-3	-4.24374E-2
+4.74810E+0	-9.87195E-1	-1.45519E-2	-4.25120E-2
+4.76280E+0	-9.89345E-1	-9.28757E-3	-4.25780E-2
+4.77760E+0	-9.91311E-1	+7.34451E-3	-4.26626E-2
+4.79230E+0	-9.93066E-1	-1.69170E-2	-4.27155E-2
+4.80710E+0	-9.94634E-1	-7.91428E-3	-4.27724E-2
+4.82180E+0	-9.95993E-1	-3.56553E-3	-4.28046E-2
+4.83660E+0	-9.97162E-1	+1.69876E-3	-4.28551E-2
+4.85130E+0	-9.98124E-1	-4.37475E-4	-4.28908E-2
+4.86600E+0	-9.98888E-1	-1.73447E-3	-4.29022E-2
+4.88080E+0	-9.99456E-1	+5.51345E-3	-4.29372E-2
+4.89550E+0	-9.99822E-1	+1.24099E-3	-4.29435E-2
+4.91030E+0	-9.99989E-1	+4.01758E-4	-4.29602E-2
+4.92500E+0	-9.99956E-1	+7.06934E-4	-4.29613E-2
+4.93980E+0	-9.99722E-1	-8.95239E-4	-4.29592E-2
+4.95450E+0	-9.99290E-1	-5.77805E-3	-4.29544E-2
+4.96930E+0	-9.98655E-1	-7.91428E-3	-4.29428E-2
+4.98400E+0	-9.97825E-1	+3.52981E-3	-4.29372E-2
+4.99880E+0	-9.96790E-1	+3.68240E-3	-4.29428E-2
+5.01350E+0	-9.95562E-1	-1.18053E-2	-4.29263E-2
+5.02820E+0	-9.94137E-1	-7.45652E-3	-4.28979E-2
+5.04300E+0	-9.92503E-1	-3.64182E-3	-4.28888E-2
+5.05770E+0	-9.90682E-1	+8.56521E-3	-4.28774E-2
+5.07250E+0	-9.88650E-1	-1.94347E-2	-4.28331E-2
+5.08720E+0	-9.86434E-1	+1.32191E-2	-4.27849E-2
+5.10200E+0	-9.84006E-1	+1.30666E-2	-4.27768E-2
+5.11670E+0	-9.81398E-1	-1.88706E-3	-4.27545E-2
+5.13150E+0	-9.78575E-1	-1.27671E-3	-4.27055E-2
+5.14620E+0	-9.75576E-1	+5.54346E-4	-4.26652E-2
+5.16100E+0	-9.72361E-1	-1.96335E-3	-4.26177E-2
+5.17570E+0	-9.68974E-1	+3.07205E-3	-4.25731E-2
+5.19050E+0	-9.65369E-1	+7.72598E-3	-4.25193E-2
+5.20520E+0	-9.61597E-1	+1.31729E-3	-4.24474E-2
+5.21990E+0	-9.57633E-1	+6.88674E-3	-4.23958E-2
+5.23470E+0	-9.53451E-1	+1.92764E-3	-4.23151E-2
+5.24940E+0	-9.49106E-1	+1.24099E-3	-4.22387E-2
+5.26420E+0	-9.44542E-1	+1.03963E-2	-4.21575E-2
+5.27890E+0	-9.39820E-1	+1.26851E-2	-4.20636E-2
+5.29370E+0	-9.34878E-1	+4.29275E-3	-4.19676E-2
+5.30840E+0	-9.29782E-1	+6.88674E-3	-4.18750E-2
+5.32320E+0	-9.24465E-1	+6.81045E-3	-4.17583E-2
+5.33790E+0	-9.19000E-1	+8.56521E-3	-4.16438E-2
+5.35270E+0	-9.13314E-1	+5.58975E-3	-4.15229E-2
+5.36740E+0	-9.07484E-1	+6.42898E-3	-4.13928E-2
+5.38210E+0	-9.01473E-1	+6.73416E-3	-4.12535E-2
+5.39690E+0	-8.95241E-1	+1.06251E-2	-4.11162E-2
+5.41160E+0	-8.88873E-1	+1.57368E-2	-4.09625E-2
+5.42640E+0	-8.82283E-1	+1.61946E-2	-4.07949E-2
+5.44110E+0	-8.75561E-1	+1.47450E-2	-4.06256E-2
+5.45590E+0	-8.68618E-1	+1.02437E-2	-4.04606E-2
+5.47060E+0	-8.61549E-1	+1.16170E-2	-4.02774E-2
+5.48540E+0	-8.54259E-1	+1.72627E-2	-4.00728E-2
+5.50010E+0	-8.46848E-1	+1.34480E-2	-3.98778E-2
+5.51490E+0	-8.39217E-1	+1.42873E-2	-3.96619E-2
+5.52960E+0	-8.31470E-1	+1.58894E-2	-3.94430E-2
+5.54430E+0	-8.23557E-1	+1.23799E-2	-3.92067E-2
+5.55910E+0	-8.15426E-1	+1.29903E-2	-3.89683E-2
+5.57380E+0	-8.07187E-1	+2.04671E-2	-3.87262E-2
+5.58860E+0	-7.98730E-1	+1.87123E-2	-3.84540E-2
+5.60330E+0	-7.90171E-1	+1.33717E-2	-3.81954E-2
+5.61810E+0	-7.81396E-1	+2.41292E-2	-3.79047E-2
+5.63280E+0	-7.72524E-1	+1.96278E-2	-3.76333E-2
+5.64760E+0	-7.63436E-1	+2.87068E-2	-3.73429E-2
+5.66230E+0	-7.54258E-1	+1.31428E-2	-3.70289E-2
+5.67710E+0	-7.44866E-1	+2.96223E-2	-3.67218E-2
+5.69180E+0	-7.35389E-1	+1.63472E-2	-3.64034E-2
+5.70650E+0	-7.25766E-1	+2.99275E-2	-3.60527E-2
+5.72130E+0	-7.15932E-1	+2.12300E-2	-3.57393E-2
+5.73600E+0	-7.06021E-1	+1.80257E-2	-3.53414E-2
+5.75080E+0	-6.95902E-1	+4.34315E-2	-3.50067E-2
+5.76550E+0	-6.85712E-1	+1.50502E-2	-3.46471E-2
+5.78030E+0	-6.75315E-1	+1.91701E-2	-3.42228E-2
+5.79500E+0	-6.64854E-1	+4.50337E-2	-3.38700E-2
+5.80980E+0	-6.54189E-1	+1.07014E-2	-3.34843E-2
+5.82450E+0	-6.43465E-1	+1.05489E-2	-3.30207E-2
+5.83930E+0	-6.32539E-1	+5.09083E-2	-3.25936E-2
+5.85400E+0	-6.21560E-1	+4.49574E-2	-3.22144E-2
+5.86870E+0	-6.10459E-1	+2.09248E-2	-3.17724E-2
+5.88350E+0	-5.99159E-1	+1.55843E-2	-3.12920E-2
+5.89820E+0	-5.87816E-1	+3.40474E-2	-3.08216E-2
+5.91300E+0	-5.76278E-1	+3.46577E-2	-3.03646E-2
+5.92770E+0	-5.64704E-1	+3.81673E-2	-2.98925E-2
+5.94250E+0	-5.52937E-1	+4.67122E-2	-2.94078E-2
+5.95720E+0	-5.41139E-1	+3.90065E-2	-2.89173E-2
+5.97200E+0	-5.29153E-1	+4.29738E-2	-2.84076E-2
+5.98670E+0	-5.17142E-1	+4.01509E-2	-2.78948E-2
+6.00150E+0	-5.04946E-1	+4.34315E-2	-2.73643E-2
+6.01620E+0	-4.92731E-1	+4.49574E-2	-2.68249E-2
+6.03100E+0	-4.80335E-1	+4.18294E-2	-2.62804E-2
+6.04570E+0	-4.67926E-1	+4.09138E-2	-2.57301E-2
+6.06040E+0	-4.55425E-1	+4.80855E-2	-2.51696E-2
+6.07520E+0	-4.42747E-1	+4.15242E-2	-2.45802E-2
+6.08990E+0	-4.30067E-1	+5.00691E-2	-2.39991E-2
+6.10470E+0	-4.17214E-1	+3.82436E-2	-2.34035E-2
+6.11940E+0	-4.04365E-1	+4.53389E-2	-2.27930E-2
+6.13420E+0	-3.91347E-1	+4.03798E-2	-2.21774E-2
+6.14890E+0	-3.78339E-1	+4.07613E-2	-2.15582E-2
+6.16370E+0	-3.65167E-1	+4.96876E-2	-2.09381E-2
+6.17840E+0	-3.52011E-1	+4.45760E-2	-2.02957E-2
+6.19320E+0	-3.38695E-1	+4.77040E-2	-1.96320E-2
+6.20790E+0	-3.25401E-1	+3.99220E-2	-1.89866E-2
+6.22260E+0	-3.12043E-1	+3.93117E-2	-1.83228E-2
+6.23740E+0	-2.98531E-1	+4.55678E-2	-1.76490E-2
+6.25210E+0	-2.85051E-1	+4.79329E-2	-1.69699E-2
+6.26690E+0	-2.71422E-1	+5.12898E-2	-1.62704E-2
+6.28160E+0	-2.57831E-1	+4.73225E-2	-1.55713E-2
+6.29640E+0	-2.44096E-1	+4.93825E-2	-1.48543E-2
+6.31110E+0	-2.30405E-1	+4.90010E-2	-1.41344E-2
+6.32590E+0	-2.16575E-1	+5.23579E-2	-1.34044E-2
+6.34060E+0	-2.02795E-1	+4.16768E-2	-1.26819E-2
+6.35540E+0	-1.88880E-1	+4.33552E-2	-1.19609E-2
+6.37010E+0	-1.75022E-1	+5.12898E-2	-1.12279E-2
+6.38480E+0	-1.61129E-1	+5.89192E-2	-1.04984E-2
+6.39960E+0	-1.47110E-1	+5.06032E-2	-9.72640E-3
+6.41430E+0	-1.33156E-1	+5.45705E-2	-9.00324E-3
+6.42910E+0	-1.19080E-1	+5.34261E-2	-8.22253E-3
+6.44380E+0	-1.05075E-1	+4.42708E-2	-7.48274E-3
+6.45860E+0	-9.09542E-2	+4.70174E-2	-6.73221E-3
+6.47330E+0	-7.69106E-2	+5.64778E-2	-5.98196E-3
+6.48810E+0	-6.27561E-2	+5.54097E-2	-5.21003E-3
+6.50280E+0	-4.86846E-2	+5.35023E-2	-4.43566E-3
+6.51760E+0	-3.45077E-2	+5.70882E-2	-3.65256E-3
+6.53230E+0	-2.04197E-2	+4.93062E-2	-2.88752E-3
+6.54700E+0	-6.32763E-3	+4.78566E-2	-2.12552E-3
+6.56180E+0	+7.86157E-3	+5.54097E-2	-1.37232E-3
+6.57650E+0	+2.19533E-2	+5.61726E-2	-5.83216E-4
+6.59130E+0	+3.61366E-2	+5.11372E-2	+1.80123E-4
+6.60600E+0	+5.02167E-2	+6.16658E-2	+9.71200E-4
+6.62080E+0	+6.43826E-2	+5.20528E-2	+1.74515E-3
+6.63550E+0	+7.84400E-2	+4.25923E-2	+2.51043E-3
+6.65030E+0	+9.25772E-2	+5.16713E-2	+3.27225E-3
+6.66500E+0	+1.06600E-1	+5.72407E-2	+4.02899E-3
+6.67980E+0	+1.20698E-1	+5.23579E-2	+4.79666E-3
+6.69450E+0	+1.34676E-1	+5.34261E-2	+5.54776E-3
+6.70920E+0	+1.48627E-1	+5.64778E-2	+6.31252E-3
+6.72400E+0	+1.62643E-1	+4.63307E-2	+7.04964E-3
+6.73870E+0	+1.76532E-1	+4.22871E-2	+7.79339E-3
+6.75350E+0	+1.90481E-1	+5.09846E-2	+8.51337E-3
+6.76820E+0	+2.04297E-1	+5.36549E-2	+9.25120E-3
+6.78300E+0	+2.18166E-1	+5.00691E-2	+9.97613E-3
+6.79770E+0	+2.31898E-1	+4.92299E-2	+1.06930E-2
+6.81250E+0	+2.45676E-1	+5.31209E-2	+1.14172E-2
+6.82720E+0	+2.59313E-1	+4.64070E-2	+1.21194E-2
+6.84200E+0	+2.72990E-1	+4.38893E-2	+1.28272E-2
+6.85670E+0	+2.86521E-1	+3.93880E-2	+1.35087E-2
+6.87140E+0	+2.99995E-1	+4.70174E-2	+1.41880E-2
+6.88620E+0	+3.13500E-1	+5.32735E-2	+1.48703E-2
+6.90090E+0	+3.26851E-1	+4.95351E-2	+1.55515E-2
+6.91570E+0	+3.40228E-1	+4.22108E-2	+1.62348E-2
+6.93040E+0	+3.53446E-1	+4.47285E-2	+1.68923E-2
+6.94520E+0	+3.66684E-1	+4.48048E-2	+1.75468E-2
+6.95990E+0	+3.79759E-1	+4.55678E-2	+1.81976E-2
+6.97470E+0	+3.92846E-1	+4.36604E-2	+1.88555E-2
+6.98940E+0	+4.05767E-1	+4.64833E-2	+1.94774E-2
+7.00420E+0	+4.18695E-1	+4.01509E-2	+2.01049E-2
+7.01890E+0	+4.31451E-1	+3.66414E-2	+2.07102E-2
+7.03370E+0	+4.44208E-1	+3.03853E-2	+2.13321E-2
+7.04840E+0	+4.56790E-1	+4.03035E-2	+2.19062E-2
+7.06310E+0	+4.69282E-1	+2.84779E-2	+2.25082E-2
+7.07790E+0	+4.81764E-1	+3.80147E-2	+2.30918E-2
+7.09260E+0	+4.94066E-1	+2.93172E-2	+2.36717E-2
+7.10740E+0	+5.06352E-1	+3.45814E-2	+2.42328E-2
+7.12210E+0	+5.18454E-1	+3.00038E-2	+2.47911E-2
+7.13690E+0	+5.30535E-1	+3.11482E-2	+2.53469E-2
+7.15160E+0	+5.42429E-1	+2.68758E-2	+2.58898E-2
+7.16640E+0	+5.54294E-1	+2.77913E-2	+2.64362E-2
+7.18110E+0	+5.65969E-1	+2.48158E-2	+2.69660E-2
+7.19590E+0	+5.77610E-1	+3.31319E-2	+2.74929E-2
+7.21060E+0	+5.89057E-1	+3.63362E-2	+2.80013E-2
+7.22530E+0	+6.00386E-1	+3.96931E-2	+2.84923E-2
+7.24010E+0	+6.11673E-1	+4.41182E-2	+2.89730E-2
+7.25480E+0	+6.22761E-1	+2.59602E-2	+2.94447E-2
+7.26960E+0	+6.33800E-1	+2.47395E-2	+2.99374E-2
+7.28430E+0	+6.44638E-1	+2.65706E-2	+3.04098E-2
+7.29910E+0	+6.55420E-1	+4.45760E-2	+3.08601E-2
+7.31380E+0	+6.65999E-1	+3.98457E-2	+3.12808E-2
+7.32860E+0	+6.76516E-1	+1.27614E-2	+3.17371E-2
+7.34330E+0	+6.86828E-1	+2.51210E-2	+3.22057E-2
+7.35810E+0	+6.97071E-1	+4.38130E-2	+3.26010E-2
+7.37280E+0	+7.07107E-1	+2.00093E-2	+3.29868E-2
+7.38750E+0	+7.17002E-1	+1.42873E-2	+3.34340E-2
+7.40230E+0	+7.26820E-1	+4.67885E-2	+3.38048E-2
+7.41700E+0	+7.36428E-1	+5.58975E-3	+3.41864E-2
+7.43180E+0	+7.45952E-1	+2.96223E-2	+3.46069E-2
+7.44650E+0	+7.55264E-1	+2.93172E-2	+3.49289E-2
+7.46130E+0	+7.64488E-1	+1.96278E-2	+3.53305E-2
+7.47600E+0	+7.73497E-1	+2.82490E-2	+3.56521E-2
+7.49080E+0	+7.82412E-1	+2.08485E-2	+3.60348E-2
+7.50550E+0	+7.91111E-1	+2.45106E-2	+3.63294E-2
+7.52030E+0	+7.99710E-1	+2.58076E-2	+3.66684E-2
+7.53500E+0	+8.08092E-1	+1.49739E-2	+3.69967E-2
+7.54970E+0	+8.16313E-1	+2.68758E-2	+3.72837E-2
+7.56450E+0	+8.24427E-1	+2.39003E-2	+3.75922E-2
+7.57920E+0	+8.32321E-1	+1.19221E-2	+3.78948E-2
+7.59400E+0	+8.40102E-1	+1.83308E-2	+3.81648E-2
+7.60870E+0	+8.47663E-1	+2.61128E-2	+3.84388E-2
+7.62350E+0	+8.55105E-1	+2.40529E-2	+3.87196E-2
+7.63820E+0	+8.62327E-1	+1.45924E-2	+3.89701E-2
+7.65300E+0	+8.69425E-1	+1.45161E-2	+3.92246E-2
+7.66770E+0	+8.76301E-1	+1.52791E-2	+3.94699E-2
+7.68250E+0	+8.83049E-1	+1.52028E-2	+3.97013E-2
+7.69720E+0	+8.89574E-1	+1.29140E-2	+3.99256E-2
+7.71190E+0	+8.95924E-1	+1.23036E-2	+4.01502E-2
+7.72670E+0	+9.02136E-1	+1.71864E-2	+4.03625E-2
+7.74140E+0	+9.08127E-1	+1.57368E-2	+4.05709E-2
+7.75620E+0	+9.13976E-1	+1.37532E-2	+4.07649E-2
+7.77090E+0	+9.19604E-1	+9.93850E-3	+4.09618E-2
+7.78570E+0	+9.25086E-1	+3.14834E-3	+4.11572E-2
+7.80040E+0	+9.30346E-1	+1.57368E-2	+4.13394E-2
+7.81520E+0	+9.35455E-1	+1.48213E-2	+4.15034E-2
+7.82990E+0	+9.40343E-1	+6.35269E-3	+4.16670E-2
+7.84470E+0	+9.45076E-1	+1.14644E-2	+4.18234E-2
+7.85940E+0	+9.49588E-1	+4.52163E-3	+4.19601E-2
+7.87420E+0	+9.53941E-1	+3.98757E-3	+4.21201E-2
+7.88890E+0	+9.58074E-1	+7.42080E-3	+4.22539E-2
+7.90360E+0	+9.62017E-1	+1.14644E-2	+4.23688E-2
+7.91840E+0	+9.65793E-1	+6.73416E-3	+4.25053E-2
+7.93310E+0	+9.69352E-1	+1.72876E-4	+4.26182E-2
+7.94790E+0	+9.72740E-1	+1.17696E-2	+4.27306E-2
+7.96260E+0	+9.75912E-1	+1.45161E-2	+4.28378E-2
+7.97740E+0	+9.78909E-1	+1.16933E-2	+4.29369E-2
+7.99210E+0	+9.81691E-1	+1.25325E-2	+4.30074E-2
+8.00690E+0	+9.84295E-1	+4.90310E-3	+4.30976E-2
+8.02160E+0	+9.86685E-1	+4.97939E-3	+4.31763E-2
+8.03640E+0	+9.88893E-1	+5.97122E-3	+4.32528E-2
+8.05110E+0	+9.90890E-1	+1.74153E-2	+4.33058E-2
+8.06580E+0	+9.92689E-1	-7.53281E-3	+4.33745E-2
+8.08060E+0	+9.94302E-1	-1.04783E-3	+4.34104E-2
+8.09530E+0	+9.95706E-1	-2.72629E-3	+4.34591E-2
+8.11010E+0	+9.96919E-1	+1.13118E-2	+4.34936E-2
+8.12480E+0	+9.97925E-1	-1.35300E-3	+4.35174E-2
+8.13960E+0	+9.98738E-1	+3.30093E-3	+4.35567E-2
+8.15430E+0	+9.99347E-1	+3.60610E-3	+4.35699E-2
+8.16910E+0	+9.99759E-1	-8.95239E-4	+4.35691E-2
+8.18380E+0	+9.99969E-1	-4.02329E-3	+4.35989E-2
+8.19860E+0	+9.99980E-1	-8.95239E-4	+4.36002E-2
+8.21330E+0	+9.99791E-1	-4.40476E-3	+4.35814E-2
+8.22800E+0	+9.99404E-1	-5.54917E-3	+4.35868E-2
+8.24280E+0	+9.98814E-1	-4.09958E-3	+4.35836E-2
+8.25750E+0	+9.98029E-1	+9.09927E-3	+4.35734E-2
+8.27230E+0	+9.97038E-1	+2.76687E-3	+4.35547E-2
+8.28700E+0	+9.95855E-1	-1.44756E-2	+4.35398E-2
+8.30180E+0	+9.94464E-1	-2.72629E-3	+4.35309E-2
+8.31650E+0	+9.92885E-1	-4.93882E-3	+4.35025E-2
+8.33130E+0	+9.91095E-1	+3.60610E-3	+4.34760E-2
+8.34600E+0	+9.89120E-1	-1.28734E-2	+4.34673E-2
+8.36080E+0	+9.86933E-1	+2.12300E-2	+4.34340E-2
+8.37550E+0	+9.84564E-1	+1.61183E-2	+4.33860E-2
+8.39020E+0	+9.82000E-1	-1.12712E-2	+4.33630E-2
+8.40500E+0	+9.79221E-1	+3.52981E-3	+4.33208E-2
+8.41970E+0	+9.76266E-1	+1.16470E-3	+4.32758E-2
+8.43450E+0	+9.73095E-1	+2.46169E-3	+4.32222E-2
+8.44920E+0	+9.69751E-1	-4.09958E-3	+4.31739E-2
+8.46400E+0	+9.66190E-1	-5.39658E-3	+4.31167E-2
+8.47870E+0	+9.62460E-1	-2.26853E-3	+4.30375E-2
+8.49350E+0	+9.58512E-1	-1.50559E-3	+4.29811E-2
+8.50820E+0	+9.54400E-1	-2.11594E-3	+4.28999E-2
+8.52300E+0	+9.50068E-1	-1.96335E-3	+4.28178E-2
+8.53770E+0	+9.45576E-1	-6.76987E-3	+4.27372E-2
+8.55240E+0	+9.40896E-1	-1.09660E-2	+4.26422E-2
+8.56720E+0	+9.35996E-1	-3.03147E-3	+4.25392E-2
+8.58190E+0	+9.30942E-1	-3.48923E-3	+4.24432E-2
+8.59670E+0	+9.25667E-1	-6.99875E-3	+4.23214E-2
+8.61140E+0	+9.20243E-1	-1.11186E-2	+4.22134E-2
+8.62620E+0	+9.14598E-1	-1.07372E-2	+4.20868E-2
+8.64090E+0	+9.08808E-1	-7.60911E-3	+4.19535E-2
+8.65570E+0	+9.02797E-1	-7.30393E-3	+4.18150E-2
+8.67040E+0	+8.96646E-1	-6.38840E-3	+4.16598E-2
+8.68520E+0	+8.90274E-1	-5.01511E-3	+4.15093E-2
+8.69990E+0	+8.83767E-1	-5.77805E-3	+4.13503E-2
+8.71460E+0	+8.77085E-1	-9.66904E-3	+4.11836E-2
+8.72940E+0	+8.70181E-1	-1.08897E-2	+4.09997E-2
+8.74410E+0	+8.63151E-1	-1.07372E-2	+4.08083E-2
+8.75890E+0	+8.55900E-1	-1.06609E-2	+4.06172E-2
+8.77360E+0	+8.48526E-1	-2.04265E-2	+4.04061E-2
+8.78840E+0	+8.40933E-1	-2.13420E-2	+4.01897E-2
+8.80310E+0	+8.33223E-1	-2.07317E-2	+3.99755E-2
+8.81790E+0	+8.25294E-1	-1.46281E-2	+3.97487E-2
+8.83260E+0	+8.17253E-1	-1.80614E-2	+3.95021E-2
+8.84740E+0	+8.08994E-1	-1.27971E-2	+3.92488E-2
+8.86210E+0	+8.00630E-1	-1.43230E-2	+3.89989E-2
+8.87690E+0	+7.92048E-1	-2.28679E-2	+3.87215E-2
+8.89160E+0	+7.83366E-1	-1.40178E-2	+3.84536E-2
+8.90630E+0	+7.74529E-1	-2.59197E-2	+3.81624E-2
+8.92110E+0	+7.65476E-1	-1.47807E-2	+3.78546E-2
+8.93580E+0	+7.56331E-1	-2.30205E-2	+3.75611E-2
+8.95060E+0	+7.46973E-1	-1.29497E-2	+3.72242E-2
+8.96530E+0	+7.37529E-1	-3.10313E-2	+3.69056E-2
+8.98010E+0	+7.27873E-1	-1.43230E-2	+3.65741E-2
+8.99480E+0	+7.18137E-1	-3.25572E-2	+3.62121E-2
+9.00960E+0	+7.08191E-1	-2.55382E-2	+3.58936E-2
+9.02430E+0	+6.98170E-1	-1.52385E-2	+3.54936E-2
+9.03910E+0	+6.87942E-1	-3.66008E-2	+3.51275E-2
+9.05380E+0	+6.77645E-1	-2.34782E-2	+3.47721E-2
+9.06850E+0	+6.67214E-1	-1.27971E-2	+3.43309E-2
+9.08330E+0	+6.56578E-1	-5.00285E-2	+3.39343E-2
+9.09800E+0	+6.45883E-1	-3.16417E-2	+3.35710E-2
+9.11280E+0	+6.34986E-1	-6.76987E-3	+3.31281E-2
+9.12750E+0	+6.24036E-1	-2.63011E-2	+3.26532E-2
+9.14230E+0	+6.12886E-1	-4.68242E-2	+3.22413E-2
+9.15700E+0	+6.01689E-1	-3.79741E-2	+3.18137E-2
+9.17180E+0	+5.90295E-1	-2.21812E-2	+3.13536E-2
+9.18650E+0	+5.78861E-1	-2.22575E-2	+3.08672E-2
+9.20130E+0	+5.67233E-1	-2.42412E-2	+3.03797E-2
+9.21600E+0	+5.55570E-1	-2.49278E-2	+2.98845E-2
+9.23070E+0	+5.43797E-1	-3.24046E-2	+2.93859E-2
+9.24550E+0	+5.31835E-1	-3.01921E-2	+2.88662E-2
+9.26020E+0	+5.19847E-1	-3.76689E-2	+2.83578E-2
+9.27500E+0	+5.07674E-1	-3.22521E-2	+2.78282E-2
+9.28970E+0	+4.95482E-1	-3.57616E-2	+2.72940E-2
+9.30450E+0	+4.83107E-1	-3.88133E-2	+2.67552E-2
+9.31920E+0	+4.70720E-1	-3.71349E-2	+2.61926E-2
+9.33400E+0	+4.58154E-1	-3.49986E-2	+2.56281E-2
+9.34870E+0	+4.45582E-1	-3.82793E-2	+2.50624E-2
+9.36350E+0	+4.32835E-1	-3.03447E-2	+2.44754E-2
+9.37820E+0	+4.20087E-1	-3.56853E-2	+2.38889E-2
+9.39290E+0	+4.07256E-1	-3.52275E-2	+2.32952E-2
+9.40770E+0	+3.94256E-1	-3.88133E-2	+2.26838E-2
+9.42240E+0	+3.81266E-1	-4.66716E-2	+2.20660E-2
+9.43720E+0	+3.68110E-1	-4.27043E-2	+2.14229E-2
+9.45190E+0	+3.54970E-1	-4.48406E-2	+2.07845E-2
+9.46670E+0	+3.41670E-1	-3.94237E-2	+2.01343E-2
+9.48140E+0	+3.28391E-1	-4.56798E-2	+1.94715E-2
+9.49620E+0	+3.14956E-1	-4.89604E-2	+1.88030E-2
+9.51090E+0	+3.01549E-1	-5.18596E-2	+1.81170E-2
+9.52570E+0	+2.87990E-1	-4.91893E-2	+1.74325E-2
+9.54040E+0	+2.74466E-1	-4.34673E-2	+1.67361E-2
+9.55510E+0	+2.60887E-1	-4.11021E-2	+1.60429E-2
+9.56990E+0	+2.47163E-1	-4.90367E-2	+1.53409E-2
+9.58460E+0	+2.33483E-1	-4.90367E-2	+1.46273E-2
+9.59940E+0	+2.19662E-1	-4.75871E-2	+1.39025E-2
+9.61410E+0	+2.05892E-1	-5.15544E-2	+1.31848E-2
+9.62890E+0	+1.91986E-1	-6.01756E-2	+1.24592E-2
+9.64360E+0	+1.78136E-1	-5.05626E-2	+1.17052E-2
+9.65840E+0	+1.64157E-1	-3.95000E-2	+1.09725E-2
+9.67310E+0	+1.50238E-1	-4.92656E-2	+1.02511E-2
+9.68790E+0	+1.36196E-1	-4.71294E-2	+9.48921E-3
+9.70260E+0	+1.22220E-1	-5.18596E-2	+8.75186E-3
+9.71740E+0	+1.08126E-1	-5.28514E-2	+7.98312E-3
+9.73210E+0	+9.41045E-2	-6.17015E-2	+7.24479E-3
+9.74680E+0	+8.00647E-2	-5.14018E-2	+6.46676E-3
+9.76160E+0	+6.59134E-2	-4.37724E-2	+5.71522E-3
+9.77630E+0	+5.18445E-2	-5.20122E-2	+4.97147E-3
+9.79110E+0	+3.76695E-2	-5.33855E-2	+4.20004E-3
+9.80580E+0	+2.35828E-2	-5.20122E-2	+3.43414E-3
+9.82060E+0	+9.39549E-3	-5.47588E-2	+2.66781E-3
+9.83530E+0	-4.69780E-3	-4.87315E-2	+1.89484E-3
+9.85010E+0	-1.88860E-2	-4.90367E-2	+1.13219E-3
+9.86480E+0	-3.29746E-2	-4.75871E-2	+3.53906E-4
+9.87960E+0	-4.71524E-2	-5.07915E-2	-4.00135E-4
+9.89430E+0	-6.12250E-2	-5.31566E-2	-1.18005E-3
+9.90900E+0	-7.52855E-2	-5.77342E-2	-1.94389E-3
+9.92380E+0	-8.94265E-2	-5.36906E-2	-2.71259E-3
+9.93850E+0	-1.03454E-1	-5.20885E-2	-3.46269E-3
+9.95330E+0	-1.17556E-1	-4.08733E-2	-4.21122E-3
+9.96800E+0	-1.31540E-1	-5.17833E-2	-4.94762E-3
+9.98280E+0	-1.45592E-1	-5.15544E-2	-5.68749E-3
+9.99750E+0	-1.59521E-1	-4.85790E-2	-6.42418E-3
+1.00123E+1	-1.73512E-1	-5.72002E-2	-7.15962E-3
+1.00270E+1	-1.87374E-1	-4.54509E-2	-7.89853E-3
+1.00418E+1	-2.01292E-1	-5.01048E-2	-8.61278E-3
+1.00565E+1	-2.15077E-1	-3.96526E-2	-9.32188E-3
+1.00712E+1	-2.28819E-1	-5.03337E-2	-1.00321E-2
+1.00860E+1	-2.42608E-1	-4.81975E-2	-1.07315E-2
+1.01007E+1	-2.56256E-1	-5.06389E-2	-1.14422E-2
+1.01155E+1	-2.69945E-1	-4.53746E-2	-1.21276E-2
+1.01302E+1	-2.83488E-1	-5.06389E-2	-1.28220E-2
+1.01450E+1	-2.97066E-1	-5.23937E-2	-1.35012E-2
+1.01597E+1	-3.10494E-1	-4.29332E-2	-1.41922E-2
+1.01745E+1	-3.23950E-1	-4.04155E-2	-1.48569E-2
+1.01892E+1	-3.37251E-1	-3.73637E-2	-1.54994E-2
+1.02040E+1	-3.50575E-1	-4.22466E-2	-1.61591E-2
+1.02187E+1	-3.63738E-1	-4.69005E-2	-1.68041E-2
+1.02334E+1	-3.76830E-1	-4.34673E-2	-1.74389E-2
+1.02482E+1	-3.89935E-1	-4.23991E-2	-1.80699E-2
+1.02629E+1	-4.02873E-1	-4.01103E-2	-1.86949E-2
+1.02777E+1	-4.15819E-1	-3.78215E-2	-1.93210E-2
+1.02924E+1	-4.28595E-1	-4.05681E-2	-1.99327E-2
+1.03072E+1	-4.41371E-1	-3.96526E-2	-2.05284E-2
+1.03219E+1	-4.53973E-1	-4.07207E-2	-2.11371E-2
+1.03367E+1	-4.66570E-1	-5.01811E-2	-2.17236E-2
+1.03514E+1	-4.78989E-1	-3.81267E-2	-2.23014E-2
+1.03662E+1	-4.91396E-1	-5.41484E-2	-2.28678E-2
+1.03809E+1	-5.03621E-1	-4.30095E-2	-2.34388E-2
+1.03956E+1	-5.15746E-1	-5.04100E-2	-2.39985E-2
+1.04104E+1	-5.27851E-1	-4.08733E-2	-2.45399E-2
+1.04251E+1	-5.39768E-1	-4.40776E-2	-2.50789E-2
+1.04399E+1	-5.51658E-1	-3.80504E-2	-2.56030E-2
+1.04546E+1	-5.63358E-1	-3.59905E-2	-2.61263E-2
+1.04694E+1	-5.75024E-1	-2.92766E-2	-2.66419E-2
+1.04841E+1	-5.86497E-1	-2.67589E-2	-2.71356E-2
+1.04989E+1	-5.97930E-1	-3.06499E-2	-2.76553E-2
+1.05136E+1	-6.09167E-1	-3.20995E-2	-2.81412E-2
+1.05284E+1	-6.20358E-1	-4.43828E-2	-2.86269E-2
+1.05431E+1	-6.31350E-1	-3.46935E-2	-2.90740E-2
+1.05578E+1	-6.42216E-1	-2.59197E-2	-2.95364E-2
+1.05726E+1	-6.53028E-1	-1.60014E-2	-3.00204E-2
+1.05873E+1	-6.63636E-1	-3.46935E-2	-3.04783E-2
+1.06021E+1	-6.74183E-1	-4.31621E-2	-3.08879E-2
+1.06168E+1	-6.84525E-1	-2.01976E-2	-3.12843E-2
+1.06316E+1	-6.94799E-1	-1.43230E-2	-3.17579E-2
+1.06463E+1	-7.04866E-1	-4.72820E-2	-3.21526E-2
+1.06611E+1	-7.14860E-1	-2.35545E-2	-3.25282E-2
+1.06758E+1	-7.24644E-1	-1.02031E-2	-3.29726E-2
+1.06906E+1	-7.34349E-1	-5.16307E-2	-3.33334E-2
+1.07053E+1	-7.43842E-1	-8.37205E-3	-3.36892E-2
+1.07201E+1	-7.53250E-1	-2.75218E-2	-3.41017E-2
+1.07348E+1	-7.62444E-1	-2.22575E-2	-3.44197E-2
+1.07495E+1	-7.71488E-1	-2.53093E-2	-3.48031E-2
+1.07643E+1	-7.80438E-1	-2.21050E-2	-3.51100E-2
+1.07790E+1	-7.89172E-1	-2.81322E-2	-3.54733E-2
+1.07938E+1	-7.97806E-1	-1.27208E-2	-3.57920E-2
+1.08085E+1	-8.06224E-1	-2.49278E-2	-3.61099E-2
+1.08233E+1	-8.14537E-1	-1.44756E-2	-3.64373E-2
+1.08380E+1	-8.22632E-1	-1.31023E-2	-3.67314E-2
+1.08528E+1	-8.30616E-1	-2.20287E-2	-3.70242E-2
+1.08675E+1	-8.38382E-1	-1.56963E-2	-3.73270E-2
+1.08823E+1	-8.46031E-1	-1.66118E-2	-3.76121E-2
+1.08970E+1	-8.53461E-1	-1.65355E-2	-3.78611E-2
+1.09117E+1	-8.60721E-1	-2.40886E-2	-3.81339E-2
+1.09265E+1	-8.67857E-1	-1.78325E-2	-3.83932E-2
+1.09412E+1	-8.74773E-1	-1.11186E-2	-3.86370E-2
+1.09560E+1	-8.81559E-1	-1.66881E-2	-3.88802E-2
+1.09707E+1	-8.88125E-1	-2.23338E-2	-3.91110E-2
+1.09855E+1	-8.94557E-1	-1.37126E-2	-3.93414E-2
+1.10002E+1	-9.00767E-1	-1.21867E-2	-3.95606E-2
+1.10150E+1	-9.06838E-1	-1.44756E-2	-3.97704E-2
+1.10297E+1	-9.12688E-1	-1.46281E-2	-3.99780E-2
+1.10445E+1	-9.18395E-1	-1.47807E-2	-4.01729E-2
+1.10592E+1	-9.23880E-1	-2.08843E-2	-4.03496E-2
+1.10739E+1	-9.29181E-1	-1.82140E-2	-4.05257E-2
+1.10887E+1	-9.34332E-1	-6.69358E-3	-4.07099E-2
+1.11034E+1	-9.39262E-1	-1.56963E-2	-4.08802E-2
+1.11182E+1	-9.44037E-1	-8.60093E-3	-4.10348E-2
+1.11329E+1	-9.48592E-1	-1.07372E-2	-4.11971E-2
+1.11477E+1	-9.52987E-1	-1.66118E-2	-4.13282E-2
+1.11624E+1	-9.57163E-1	-8.21946E-3	-4.14695E-2
+1.11772E+1	-9.61175E-1	-7.30393E-3	-4.16058E-2
+1.11919E+1	-9.64968E-1	-1.15764E-2	-4.17260E-2
+1.12067E+1	-9.68594E-1	-1.35300E-3	-4.18427E-2
+1.12214E+1	-9.72002E-1	-9.89792E-3	-4.19591E-2
+1.12361E+1	-9.75217E-1	-1.48570E-2	-4.20628E-2
+1.12509E+1	-9.78258E-1	-1.20342E-2	-4.21683E-2
+1.12656E+1	-9.81083E-1	-1.74510E-2	-4.22526E-2
+1.12804E+1	-9.83731E-1	-1.81077E-3	-4.23413E-2
+1.12951E+1	-9.86165E-1	+1.24099E-3	-4.24280E-2
+1.13099E+1	-9.88418E-1	+3.25464E-4	-4.24927E-2
+1.13246E+1	-9.90459E-1	-2.84887E-4	-4.25851E-2
+1.13394E+1	-9.92314E-1	-1.22630E-2	-4.26358E-2
+1.13541E+1	-9.93960E-1	-3.64182E-3	-4.27033E-2
+1.13689E+1	-9.95417E-1	-9.97422E-3	-4.27331E-2
+1.13836E+1	-9.96666E-1	-4.17588E-3	-4.27759E-2
+1.13983E+1	-9.97717E-1	-1.24919E-2	-4.28230E-2
+1.14131E+1	-9.98574E-1	+3.37722E-3	-4.28410E-2
+1.14278E+1	-9.99228E-1	+2.99575E-3	-4.28811E-2
+1.14426E+1	-9.99685E-1	-5.24399E-3	-4.28800E-2
+1.14573E+1	-9.99939E-1	-2.65000E-3	-4.28931E-2
+1.14721E+1	-9.99995E-1	+9.65824E-5	-4.28958E-2
+1.14868E+1	-9.99851E-1	+2.61428E-3	-4.28973E-2
+1.15016E+1	-9.99506E-1	-2.42112E-3	-4.28893E-2
+1.15163E+1	-9.98963E-1	+4.97939E-3	-4.28779E-2
+1.15311E+1	-9.98217E-1	+1.19221E-2	-4.28839E-2
+1.15458E+1	-9.97276E-1	-8.52463E-3	-4.28814E-2
+1.15606E+1	-9.96129E-1	-5.39658E-3	-4.28588E-2
+1.15753E+1	-9.94792E-1	+3.75869E-3	-4.28514E-2
+1.15900E+1	-9.93256E-1	+2.02885E-5	-4.28435E-2
+1.16048E+1	-9.91511E-1	+3.07205E-3	-4.28259E-2
+1.16195E+1	-9.89581E-1	+1.24099E-3	-4.27764E-2
+1.16343E+1	-9.87438E-1	+2.75624E-2	-4.27724E-2
+1.16490E+1	-9.85113E-1	+4.75051E-3	-4.27555E-2
+1.16638E+1	-9.82575E-1	+1.01211E-3	-4.27056E-2
+1.16785E+1	-9.79858E-1	+6.30640E-4	-4.26731E-2
+1.16933E+1	-9.76926E-1	-3.94700E-3	-4.26299E-2
+1.17080E+1	-9.73819E-1	+4.78052E-4	-4.25827E-2
+1.17228E+1	-9.70495E-1	+2.02885E-5	-4.25395E-2
+1.17375E+1	-9.67001E-1	+4.97939E-3	-4.24885E-2
+1.17522E+1	-9.63314E-1	+4.36904E-3	-4.24177E-2
+1.17670E+1	-9.59409E-1	-1.58188E-3	-4.23668E-2
+1.17817E+1	-9.55340E-1	+5.20828E-3	-4.22885E-2
+1.17965E+1	-9.51051E-1	-7.42651E-4	-4.22139E-2
+1.18112E+1	-9.46601E-1	+9.02297E-3	-4.21400E-2
+1.18260E+1	-9.41931E-1	+1.21510E-2	-4.20522E-2
+1.18407E+1	-9.37105E-1	+5.20828E-3	-4.19506E-2
+1.18555E+1	-9.32058E-1	+1.69876E-3	-4.18565E-2
+1.18702E+1	-9.26859E-1	+8.71780E-3	-4.17440E-2
+1.18850E+1	-9.21440E-1	+3.83499E-3	-4.16417E-2
+1.18997E+1	-9.15873E-1	+2.15652E-3	-4.15247E-2
+1.19144E+1	-9.10124E-1	+1.25325E-2	-4.13982E-2
+1.19292E+1	-9.04153E-1	+1.32954E-2	-4.12567E-2
+1.19439E+1	-8.98043E-1	+1.21510E-2	-4.11184E-2
+1.19587E+1	-8.91711E-1	+1.64998E-2	-4.09651E-2
+1.19734E+1	-8.85243E-1	+1.45924E-2	-4.08045E-2
+1.19882E+1	-8.78555E-1	+1.07014E-2	-4.06317E-2
+1.20029E+1	-8.71736E-1	+1.07014E-2	-4.04701E-2
+1.20177E+1	-8.64696E-1	+6.73416E-3	-4.02919E-2
+1.20324E+1	-8.57531E-1	+1.28377E-2	-4.01035E-2
+1.20472E+1	-8.50146E-1	+1.58894E-2	-3.99065E-2
+1.20619E+1	-8.42641E-1	+2.22981E-2	-3.96974E-2
+1.20766E+1	-8.34968E-1	+1.50502E-2	-3.94800E-2
+1.20914E+1	-8.27076E-1	+1.26088E-2	-3.92583E-2
+1.21061E+1	-8.19073E-1	+1.02437E-2	-3.90266E-2
+1.21209E+1	-8.10850E-1	+1.08540E-2	-3.87665E-2
+1.21356E+1	-8.02522E-1	+9.40444E-3	-3.85167E-2
+1.21504E+1	-7.93975E-1	+1.81020E-2	-3.82510E-2
+1.21651E+1	-7.85329E-1	+1.10829E-2	-3.79734E-2
+1.21799E+1	-7.76466E-1	+2.10774E-2	-3.77014E-2
+1.21946E+1	-7.67508E-1	+2.10774E-2	-3.74048E-2
+1.22094E+1	-7.58335E-1	+2.32899E-2	-3.71249E-2
+1.22241E+1	-7.49073E-1	+1.38295E-2	-3.67944E-2
+1.22388E+1	-7.39662E-1	+2.64180E-2	-3.64973E-2
+1.22536E+1	-7.30039E-1	+1.64998E-2	-3.61409E-2
+1.22683E+1	-7.20335E-1	+3.67177E-2	-3.58184E-2
+1.22831E+1	-7.10421E-1	+1.34480E-2	-3.54799E-2
+1.22978E+1	-7.00432E-1	+2.74861E-2	-3.50867E-2
+1.23126E+1	-6.90235E-1	+4.03035E-2	-3.47595E-2
+1.23273E+1	-6.79969E-1	+1.54617E-3	-3.43623E-2
+1.23421E+1	-6.69496E-1	+2.80965E-2	-3.39424E-2
+1.23568E+1	-6.58961E-1	+4.70174E-2	-3.35998E-2
+1.23716E+1	-6.48222E-1	+9.32815E-3	-3.31924E-2
+1.23863E+1	-6.37427E-1	+1.71101E-2	-3.27269E-2
+1.24010E+1	-6.26505E-1	+4.80855E-2	-3.23183E-2
+1.24158E+1	-6.15383E-1	+4.30501E-2	-3.19165E-2
+1.24305E+1	-6.04213E-1	+1.75679E-2	-3.14632E-2
+1.24453E+1	-5.92846E-1	+2.16878E-2	-3.09780E-2
+1.24600E+1	-5.81438E-1	+2.27559E-2	-3.05118E-2
+1.24748E+1	-5.69836E-1	+2.80202E-2	-3.00373E-2
+1.24895E+1	-5.58198E-1	+3.70991E-2	-2.95482E-2
+1.25043E+1	-5.46369E-1	+4.19820E-2	-2.90720E-2
+1.25190E+1	-5.34512E-1	+4.06850E-2	-2.85556E-2
+1.25338E+1	-5.22466E-1	+4.44997E-2	-2.80562E-2
+1.25485E+1	-5.10397E-1	+4.01509E-2	-2.75268E-2
+1.25633E+1	-4.98145E-1	+4.45760E-2	-2.69932E-2
+1.25780E+1	-4.85875E-1	+4.19057E-2	-2.64449E-2
+1.25927E+1	-4.73509E-1	+4.49574E-2	-2.59104E-2
+1.26075E+1	-4.60964E-1	+4.18294E-2	-2.53348E-2
+1.26222E+1	-4.48412E-1	+4.22871E-2	-2.47796E-2
+1.26370E+1	-4.35684E-1	+3.38948E-2	-2.41720E-2
+1.26517E+1	-4.22956E-1	+3.95406E-2	-2.35998E-2
+1.26665E+1	-4.10056E-1	+2.84779E-2	-2.30006E-2
+1.26812E+1	-3.97162E-1	+3.81673E-2	-2.23869E-2
+1.26960E+1	-3.84100E-1	+3.60310E-2	-2.17868E-2
+1.27107E+1	-3.71050E-1	+4.31264E-2	-2.11574E-2
+1.27255E+1	-3.57837E-1	+5.13661E-2	-2.05281E-2
+1.27402E+1	-3.44641E-1	+4.67122E-2	-1.98659E-2
+1.27549E+1	-3.31378E-1	+4.85432E-2	-1.92193E-2
+1.27697E+1	-3.17957E-1	+4.41182E-2	-1.85526E-2
+1.27844E+1	-3.04564E-1	+4.58729E-2	-1.78832E-2
+1.27992E+1	-2.91019E-1	+4.74751E-2	-1.71857E-2
+1.28139E+1	-2.77507E-1	+4.75514E-2	-1.65135E-2
+1.28287E+1	-2.63847E-1	+3.78621E-2	-1.58055E-2
+1.28434E+1	-2.50227E-1	+4.49574E-2	-1.51213E-2
+1.28582E+1	-2.36465E-1	+4.44997E-2	-1.43999E-2
+1.28729E+1	-2.22748E-1	+5.63252E-2	-1.36791E-2
+1.28877E+1	-2.08893E-1	+4.89247E-2	-1.29418E-2
+1.29024E+1	-1.95090E-1	+5.02980E-2	-1.22050E-2
+1.29171E+1	-1.81249E-1	+4.88484E-2	-1.14842E-2
+1.29319E+1	-1.67277E-1	+4.93825E-2	-1.07263E-2
+1.29466E+1	-1.53366E-1	+3.96931E-2	-1.00203E-2
+1.29614E+1	-1.39329E-1	+4.92299E-2	-9.26205E-3
+1.29761E+1	-1.25360E-1	+5.61726E-2	-8.51986E-3
+1.29909E+1	-1.11270E-1	+5.27394E-2	-7.75177E-3
+1.30056E+1	-9.72538E-2	+5.34261E-2	-6.98623E-3
+1.30204E+1	-8.31224E-2	+5.41890E-2	-6.23213E-3
+1.30351E+1	-6.90700E-2	+4.30501E-2	-5.46967E-3
+1.30499E+1	-5.49081E-2	+4.86195E-2	-4.71977E-3
+1.30646E+1	-4.08309E-2	+4.85432E-2	-3.95886E-3
+1.30793E+1	-2.67456E-2	+5.96059E-2	-3.17768E-3
+1.30941E+1	-1.25591E-2	+5.02217E-2	-2.39440E-3
+1.31088E+1	+1.53398E-3	+5.37312E-2	-1.60175E-3
+1.31236E+1	+1.57227E-2	+4.74751E-2	-8.65371E-4
+1.31383E+1	+2.98123E-2	+4.93825E-2	-9.29972E-5
+1.31531E+1	+4.39919E-2	+4.91536E-2	+6.79577E-4
+1.31678E+1	+5.80668E-2	+5.84615E-2	+1.44802E-3
+1.31826E+1	+7.22259E-2	+5.57149E-2	+2.23604E-3
+1.31973E+1	+8.62749E-2	+5.47230E-2	+3.00143E-3
+1.32121E+1	+1.00402E-1	+5.37312E-2	+3.78025E-3
+1.32268E+1	+1.14414E-1	+4.66359E-2	+4.52193E-3
+1.32415E+1	+1.28403E-1	+4.54915E-2	+5.27051E-3
+1.32563E+1	+1.42461E-1	+5.47230E-2	+6.01183E-3
+1.32710E+1	+1.56397E-1	+5.32735E-2	+6.77671E-3
+1.32858E+1	+1.70395E-1	+4.47285E-2	+7.51672E-3
+1.33005E+1	+1.84265E-1	+5.75459E-2	+8.26444E-3
+1.33153E+1	+1.98192E-1	+4.69411E-2	+9.00536E-3
+1.33300E+1	+2.11986E-1	+4.57967E-2	+9.72093E-3
+1.33448E+1	+2.25831E-1	+3.87776E-2	+1.04324E-2
+1.33595E+1	+2.39538E-1	+5.46468E-2	+1.11391E-2
+1.33743E+1	+2.53289E-1	+5.14424E-2	+1.18587E-2
+1.33890E+1	+2.66898E-1	+4.88484E-2	+1.25632E-2
+1.34038E+1	+2.80545E-1	+4.64070E-2	+1.32733E-2
+1.34185E+1	+2.94044E-1	+4.73225E-2	+1.39581E-2
+1.34332E+1	+3.07485E-1	+4.83906E-2	+1.46433E-2
+1.34480E+1	+3.20955E-1	+4.38893E-2	+1.53249E-2
+1.34627E+1	+3.34271E-1	+3.86250E-2	+1.59893E-2
+1.34775E+1	+3.47610E-1	+3.91591E-2	+1.66602E-2
+1.34922E+1	+3.60789E-1	+4.27449E-2	+1.73001E-2
+1.35070E+1	+3.73986E-1	+4.62544E-2	+1.79678E-2
+1.35217E+1	+3.87019E-1	+4.95351E-2	+1.86163E-2
+1.35365E+1	+4.00064E-1	+4.64833E-2	+1.92562E-2
+1.35512E+1	+4.12940E-1	+4.35078E-2	+1.98813E-2
+1.35660E+1	+4.25821E-1	+3.92354E-2	+2.05008E-2
+1.35807E+1	+4.38530E-1	+3.99983E-2	+2.11099E-2
+1.35954E+1	+4.51152E-1	+3.89302E-2	+2.17166E-2
+1.36102E+1	+4.63770E-1	+3.88539E-2	+2.23038E-2
+1.36249E+1	+4.76209E-1	+3.99983E-2	+2.28998E-2
+1.36397E+1	+4.88638E-1	+3.36659E-2	+2.34800E-2
+1.36544E+1	+5.00885E-1	+3.67940E-2	+2.40499E-2
+1.36692E+1	+5.13116E-1	+3.74043E-2	+2.46099E-2
+1.36839E+1	+5.25161E-1	+3.33607E-2	+2.51626E-2
+1.36987E+1	+5.37183E-1	+3.94643E-2	+2.57184E-2
+1.37134E+1	+5.49016E-1	+2.97749E-2	+2.62586E-2
+1.37282E+1	+5.60820E-1	+3.24452E-2	+2.67894E-2
+1.37429E+1	+5.72433E-1	+3.00801E-2	+2.73189E-2
+1.37576E+1	+5.83931E-1	+3.26741E-2	+2.78402E-2
+1.37724E+1	+5.95391E-1	+3.53444E-2	+2.83369E-2
+1.37871E+1	+6.06655E-1	+4.32027E-2	+2.88218E-2
+1.38019E+1	+6.17873E-1	+3.97694E-2	+2.92901E-2
+1.38166E+1	+6.28893E-1	+2.61128E-2	+2.97735E-2
+1.38314E+1	+6.39862E-1	+1.79494E-2	+3.02550E-2
+1.38461E+1	+6.50628E-1	+2.44344E-2	+3.07305E-2
+1.38609E+1	+6.61338E-1	+4.54915E-2	+3.11911E-2
+1.38756E+1	+6.71843E-1	+3.77095E-2	+3.15928E-2
+1.38904E+1	+6.82285E-1	+1.20747E-2	+3.20538E-2
+1.39051E+1	+6.92520E-1	+3.13771E-2	+3.25013E-2
+1.39198E+1	+7.02618E-1	+4.39656E-2	+3.28777E-2
+1.39346E+1	+7.12644E-1	+1.00911E-2	+3.32834E-2
+1.39493E+1	+7.22460E-1	+2.94698E-2	+3.37333E-2
+1.39641E+1	+7.32197E-1	+4.18294E-2	+3.40748E-2
+1.39788E+1	+7.41723E-1	+5.97122E-3	+3.44774E-2
+1.39936E+1	+7.51165E-1	+3.72517E-2	+3.48618E-2
+1.40083E+1	+7.60394E-1	+1.27614E-2	+3.52033E-2
+1.40231E+1	+7.69532E-1	+2.98512E-2	+3.55919E-2
+1.40378E+1	+7.78456E-1	+1.96278E-2	+3.59228E-2
+1.40526E+1	+7.87284E-1	+3.23689E-2	+3.62713E-2
+1.40673E+1	+7.95895E-1	+1.68813E-2	+3.65939E-2
+1.40820E+1	+8.04348E-1	+2.19929E-2	+3.69035E-2
+1.40968E+1	+8.12698E-1	+2.16878E-2	+3.72339E-2
+1.41115E+1	+8.20829E-1	+2.00856E-2	+3.75264E-2
+1.41263E+1	+8.28850E-1	+2.15352E-2	+3.78184E-2
+1.41410E+1	+8.36653E-1	+1.53554E-2	+3.81192E-2
+1.41558E+1	+8.44340E-1	+1.36006E-2	+3.83998E-2
+1.41705E+1	+8.51808E-1	+1.55080E-2	+3.86625E-2
+1.41853E+1	+8.59155E-1	+2.13826E-2	+3.89250E-2
+1.42000E+1	+8.66281E-1	+1.99330E-2	+3.91842E-2
+1.42148E+1	+8.73282E-1	+1.63472E-2	+3.94433E-2
+1.42295E+1	+8.80061E-1	+1.39058E-2	+3.96908E-2
+1.42442E+1	+8.86666E-1	+1.55843E-2	+3.99056E-2
+1.42590E+1	+8.93138E-1	+8.71780E-3	+4.01271E-2
+1.42737E+1	+8.99388E-1	+1.46687E-2	+4.03437E-2
+1.42885E+1	+9.05500E-1	+1.31428E-2	+4.05569E-2
+1.43032E+1	+9.11391E-1	+1.07014E-2	+4.07551E-2
+1.43180E+1	+9.17138E-1	+1.13881E-2	+4.09579E-2
+1.43327E+1	+9.22664E-1	+1.10066E-2	+4.11422E-2
+1.43475E+1	+9.28043E-1	+7.72598E-3	+4.13382E-2
+1.43622E+1	+9.33200E-1	+1.68050E-2	+4.15063E-2
+1.43770E+1	+9.38205E-1	+1.66524E-2	+4.16564E-2
+1.43917E+1	+9.42989E-1	+7.95486E-3	+4.18215E-2
+1.44065E+1	+9.47616E-1	+1.16933E-2	+4.19782E-2
+1.44212E+1	+9.52024E-1	+1.01674E-2	+4.21210E-2
+1.44359E+1	+9.56242E-1	+1.03963E-2	+4.22558E-2
+1.44507E+1	+9.60297E-1	+7.64968E-3	+4.23938E-2
+1.44654E+1	+9.64133E-1	+1.05489E-2	+4.25212E-2
+1.44802E+1	+9.67802E-1	-8.95239E-4	+4.26295E-2
+1.44949E+1	+9.71253E-1	+9.63333E-3	+4.27518E-2
+1.45097E+1	+9.74533E-1	+1.20747E-2	+4.28597E-2
+1.45244E+1	+9.77597E-1	+7.03933E-3	+4.29654E-2
+1.45392E+1	+9.80485E-1	+1.42110E-2	+4.30504E-2
+1.45539E+1	+9.83158E-1	+6.27639E-3	+4.31251E-2
+1.45687E+1	+9.85652E-1	+4.44534E-3	+4.32035E-2
+1.45834E+1	+9.87933E-1	+1.29903E-2	+4.32783E-2
+1.45981E+1	+9.90018E-1	+2.53799E-3	+4.33440E-2
+1.46129E+1	+9.91918E-1	-3.56553E-3	+4.34133E-2
+1.46276E+1	+9.93608E-1	+1.77505E-3	+4.34545E-2
+1.46424E+1	+9.95109E-1	+3.37722E-3	+4.34995E-2
+1.46571E+1	+9.96403E-1	-3.48923E-3	+4.35466E-2
+1.46719E+1	+9.97505E-1	-3.03147E-3	+4.35805E-2
+1.46866E+1	+9.98401E-1	+1.58131E-2	+4.36092E-2
+1.47014E+1	+9.99102E-1	+5.36086E-3	+4.36207E-2
+1.47161E+1	+9.99600E-1	-3.79441E-3	+4.36400E-2
+1.47309E+1	+9.99901E-1	-1.88706E-3	+4.36716E-2
