+0.00000E+0	+0.00000E+0	-4.86252E-3	-2.43126E-7
+1.47000E-2	+1.40930E-2	+3.17586E-2	+3.97852E-4
+2.95000E-2	+2.82790E-2	+3.61836E-2	+9.05911E-4
+4.42000E-2	+4.23635E-2	+3.51918E-2	+1.42362E-3
+5.90000E-2	+5.65354E-2	+3.77095E-2	+1.98182E-3
+7.37000E-2	+7.06002E-2	+4.07613E-2	+2.59314E-3
+8.85000E-2	+8.47465E-2	+4.42708E-2	+3.19673E-3
+1.03200E-1	+9.87804E-2	+4.42708E-2	+3.81495E-3
+1.18000E-1	+1.12890E-1	+4.49574E-2	+4.43677E-3
+1.32700E-1	+1.26882E-1	+3.21400E-2	+5.05461E-3
+1.47500E-1	+1.40943E-1	+3.94643E-2	+5.66820E-3
+1.62200E-1	+1.54881E-1	+4.88484E-2	+6.29502E-3
+1.76900E-1	+1.68789E-1	+4.26686E-2	+6.93108E-3
+1.91700E-1	+1.82757E-1	+4.53389E-2	+7.56239E-3
+2.06400E-1	+1.96595E-1	+3.89302E-2	+8.18015E-3
+2.21200E-1	+2.10487E-1	+4.46522E-2	+8.79893E-3
+2.35900E-1	+2.24243E-1	+3.57259E-2	+9.40564E-3
+2.50700E-1	+2.38048E-1	+3.92354E-2	+1.00036E-2
+2.65400E-1	+2.51712E-1	+4.00746E-2	+1.06110E-2
+2.80200E-1	+2.65419E-1	+4.80855E-2	+1.12359E-2
+2.94900E-1	+2.78980E-1	+4.05324E-2	+1.18360E-2
+3.09700E-1	+2.92577E-1	+3.96931E-2	+1.24432E-2
+3.24400E-1	+3.06025E-1	+3.89302E-2	+1.30248E-2
+3.39100E-1	+3.19411E-1	+4.70174E-2	+1.36198E-2
+3.53900E-1	+3.32825E-1	+4.03035E-2	+1.41953E-2
+3.68600E-1	+3.46081E-1	+3.17586E-2	+1.47821E-2
+3.83400E-1	+3.59358E-1	+3.46577E-2	+1.53378E-2
+3.98100E-1	+3.72474E-1	+3.42763E-2	+1.58973E-2
+4.12900E-1	+3.85605E-1	+3.90828E-2	+1.64682E-2
+4.27600E-1	+3.98569E-1	+4.39656E-2	+1.70209E-2
+4.42400E-1	+4.11542E-1	+4.25923E-2	+1.75746E-2
+4.57100E-1	+4.24346E-1	+4.27449E-2	+1.81250E-2
+4.71900E-1	+4.37151E-1	+3.98457E-2	+1.86681E-2
+4.86600E-1	+4.49783E-1	+3.61836E-2	+1.92041E-2
+5.01400E-1	+4.62410E-1	+2.90883E-2	+1.97270E-2
+5.16100E-1	+4.74860E-1	+2.96223E-2	+2.02569E-2
+5.30800E-1	+4.87215E-1	+2.53499E-2	+2.07625E-2
+5.45600E-1	+4.99557E-1	+2.87068E-2	+2.12613E-2
+5.60300E-1	+5.11716E-1	+2.93935E-2	+2.17548E-2
+5.75100E-1	+5.23855E-1	+2.29085E-2	+2.22427E-2
+5.89800E-1	+5.35807E-1	+2.40529E-2	+2.27384E-2
+6.04600E-1	+5.47734E-1	+2.52736E-2	+2.32166E-2
+6.19300E-1	+5.59470E-1	+2.94698E-2	+2.36817E-2
+6.34100E-1	+5.71174E-1	+3.14534E-2	+2.41523E-2
+6.48800E-1	+5.82685E-1	+3.98457E-2	+2.46124E-2
+6.63600E-1	+5.94158E-1	+4.16768E-2	+2.50495E-2
+6.78300E-1	+6.05435E-1	+3.75569E-2	+2.54766E-2
+6.93000E-1	+6.16591E-1	+2.53499E-2	+2.59064E-2
+7.07800E-1	+6.27700E-1	+1.56605E-2	+2.63522E-2
+7.22500E-1	+6.38608E-1	+1.29140E-2	+2.68062E-2
+7.37300E-1	+6.49463E-1	+3.96168E-2	+2.72286E-2
+7.52000E-1	+6.60114E-1	+4.72462E-2	+2.76128E-2
+7.66800E-1	+6.70706E-1	+2.12300E-2	+2.79976E-2
+7.81500E-1	+6.81093E-1	+9.48074E-3	+2.84393E-2
+7.96300E-1	+6.91413E-1	+3.97694E-2	+2.88325E-2
+8.11000E-1	+7.01526E-1	+3.60310E-2	+2.91671E-2
+8.25800E-1	+7.11567E-1	+1.16470E-3	+2.95675E-2
+8.40500E-1	+7.21398E-1	+3.26741E-2	+2.99646E-2
+8.55200E-1	+7.31086E-1	+2.96986E-2	+3.02818E-2
+8.70000E-1	+7.40694E-1	+1.46687E-2	+3.06633E-2
+8.84700E-1	+7.50088E-1	+3.61073E-2	+3.09894E-2
+8.99500E-1	+7.59396E-1	+1.30666E-2	+3.13476E-2
+9.14200E-1	+7.68490E-1	+2.99275E-2	+3.16755E-2
+9.29000E-1	+7.77492E-1	+1.84071E-2	+3.19999E-2
+9.43700E-1	+7.86278E-1	+2.63417E-2	+3.23056E-2
+9.58500E-1	+7.94965E-1	+1.80257E-2	+3.26270E-2
+9.73200E-1	+8.03436E-1	+2.04671E-2	+3.29067E-2
+9.88000E-1	+8.11803E-1	+2.56551E-2	+3.32139E-2
+1.00270E+0	+8.19952E-1	+1.72627E-2	+3.34982E-2
+1.01740E+0	+8.27938E-1	+1.97041E-2	+3.37660E-2
+1.03220E+0	+8.35812E-1	+2.21455E-2	+3.40453E-2
+1.04690E+0	+8.43466E-1	+1.96278E-2	+3.43126E-2
+1.06170E+0	+8.51003E-1	+1.95515E-2	+3.45596E-2
+1.07640E+0	+8.58320E-1	+1.70338E-2	+3.48064E-2
+1.09120E+0	+8.65514E-1	+1.69575E-2	+3.50516E-2
+1.10590E+0	+8.72487E-1	+1.71101E-2	+3.52964E-2
+1.12070E+0	+8.79332E-1	+1.64998E-2	+3.55394E-2
+1.13540E+0	+8.85956E-1	+1.26088E-2	+3.57503E-2
+1.15020E+0	+8.92447E-1	+1.19221E-2	+3.59680E-2
+1.16490E+0	+8.98717E-1	+1.34480E-2	+3.61668E-2
+1.17960E+0	+9.04807E-1	+7.80227E-3	+3.63758E-2
+1.19440E+0	+9.10758E-1	+1.02437E-2	+3.65659E-2
+1.20910E+0	+9.16487E-1	+1.27614E-2	+3.67594E-2
+1.22390E+0	+9.22072E-1	+6.35269E-3	+3.69394E-2
+1.23860E+0	+9.27434E-1	+9.78591E-3	+3.71224E-2
+1.25340E+0	+9.32647E-1	+1.33717E-2	+3.72806E-2
+1.26810E+0	+9.37639E-1	+1.23036E-2	+3.74300E-2
+1.28290E+0	+9.42477E-1	+1.02437E-2	+3.75990E-2
+1.29760E+0	+9.47094E-1	+1.10066E-2	+3.77445E-2
+1.31240E+0	+9.51553E-1	+7.03933E-3	+3.78921E-2
+1.32710E+0	+9.55792E-1	+3.75869E-3	+3.80168E-2
+1.34180E+0	+9.59841E-1	+9.70962E-3	+3.81541E-2
+1.35660E+0	+9.63725E-1	+9.48074E-3	+3.82757E-2
+1.37130E+0	+9.67391E-1	+7.06934E-4	+3.83932E-2
+1.38610E+0	+9.70887E-1	+1.54617E-3	+3.85043E-2
+1.40080E+0	+9.74166E-1	+1.39821E-2	+3.85971E-2
+1.41560E+0	+9.77273E-1	+1.07014E-2	+3.87097E-2
+1.43030E+0	+9.80163E-1	+9.86221E-3	+3.87832E-2
+1.44510E+0	+9.82877E-1	+2.84316E-3	+3.88761E-2
+1.45980E+0	+9.85376E-1	-3.26035E-3	+3.89590E-2
+1.47460E+0	+9.87694E-1	+1.31729E-3	+3.90205E-2
+1.48930E+0	+9.89800E-1	-2.26853E-3	+3.91011E-2
+1.50410E+0	+9.91722E-1	+1.42873E-2	+3.91613E-2
+1.51880E+0	+9.93433E-1	-1.11186E-2	+3.92196E-2
+1.53350E+0	+9.94947E-1	-9.71533E-4	+3.92515E-2
+1.54830E+0	+9.96271E-1	+3.52981E-3	+3.93026E-2
+1.56300E+0	+9.97388E-1	+3.52981E-3	+3.93305E-2
+1.57780E+0	+9.98313E-1	+3.68240E-3	+3.93394E-2
+1.59250E+0	+9.99032E-1	+1.72876E-4	+3.93753E-2
+1.60730E+0	+9.99556E-1	+1.77505E-3	+3.93917E-2
+1.62200E+0	+9.99876E-1	+1.16933E-2	+3.94165E-2
+1.63680E+0	+9.99999E-1	-5.60055E-5	+3.94143E-2
+1.65150E+0	+9.99921E-1	-3.79441E-3	+3.94174E-2
+1.66630E+0	+9.99642E-1	+3.75869E-3	+3.94016E-2
+1.68100E+0	+9.99166E-1	-3.03147E-3	+3.94003E-2
+1.69570E+0	+9.98491E-1	-7.38022E-3	+3.93951E-2
+1.71050E+0	+9.97612E-1	-2.11594E-3	+3.93908E-2
+1.72520E+0	+9.96539E-1	+1.04726E-2	+3.93539E-2
+1.74000E+0	+9.95260E-1	-6.99875E-3	+3.93461E-2
+1.75470E+0	+9.93790E-1	-6.99875E-3	+3.93397E-2
+1.76950E+0	+9.92111E-1	-8.37205E-3	+3.93091E-2
+1.78420E+0	+9.90246E-1	+1.00911E-2	+3.92796E-2
+1.79900E+0	+9.88170E-1	-2.71404E-2	+3.92524E-2
+1.81370E+0	+9.85910E-1	-9.44016E-3	+3.92418E-2
+1.82850E+0	+9.83437E-1	+8.59522E-4	+3.91917E-2
+1.84320E+0	+9.80785E-1	+1.31729E-3	+3.91486E-2
+1.85790E+0	+9.77938E-1	-3.26035E-3	+3.91039E-2
+1.87270E+0	+9.74876E-1	-3.41294E-3	+3.90527E-2
+1.88740E+0	+9.71640E-1	+1.46987E-3	+3.89961E-2
+1.90220E+0	+9.68187E-1	-1.73447E-3	+3.89404E-2
+1.91690E+0	+9.64565E-1	-7.15134E-3	+3.88854E-2
+1.93170E+0	+9.60724E-1	-2.87888E-3	+3.88008E-2
+1.94640E+0	+9.56717E-1	-7.60911E-3	+3.87347E-2
+1.96120E+0	+9.52492E-1	+9.65824E-5	+3.86548E-2
+1.97590E+0	+9.48105E-1	+1.54617E-3	+3.85652E-2
+1.99070E+0	+9.43498E-1	-4.93882E-3	+3.84700E-2
+2.00540E+0	+9.38734E-1	-7.99058E-3	+3.83734E-2
+2.02010E+0	+9.33784E-1	-7.15134E-3	+3.82675E-2
+2.03490E+0	+9.28613E-1	-9.28757E-3	+3.81643E-2
+2.04960E+0	+9.23291E-1	-8.60093E-3	+3.80445E-2
+2.06440E+0	+9.17749E-1	-6.92246E-3	+3.79181E-2
+2.07910E+0	+9.12060E-1	-7.83799E-3	+3.77863E-2
+2.09390E+0	+9.06150E-1	-9.36387E-3	+3.76482E-2
+2.10860E+0	+9.00099E-1	-9.44016E-3	+3.74982E-2
+2.12340E+0	+8.93827E-1	-6.38840E-3	+3.73458E-2
+2.13810E+0	+8.87419E-1	-5.77805E-3	+3.71898E-2
+2.15290E+0	+8.80789E-1	+1.85134E-3	+3.70339E-2
+2.16760E+0	+8.74028E-1	-6.61728E-3	+3.68638E-2
+2.18230E+0	+8.67094E-1	-1.28734E-2	+3.66802E-2
+2.19710E+0	+8.59939E-1	-1.44756E-2	+3.64779E-2
+2.21180E+0	+8.52660E-1	-1.75273E-2	+3.62782E-2
+2.22660E+0	+8.45161E-1	-1.78325E-2	+3.60776E-2
+2.24130E+0	+8.37544E-1	-1.50096E-2	+3.58698E-2
+2.25610E+0	+8.29708E-1	-1.66881E-2	+3.56535E-2
+2.27080E+0	+8.21759E-1	-1.20342E-2	+3.54113E-2
+2.28560E+0	+8.13591E-1	-8.21946E-3	+3.51733E-2
+2.30030E+0	+8.05316E-1	-1.74510E-2	+3.49317E-2
+2.31510E+0	+7.96823E-1	-1.40941E-2	+3.46686E-2
+2.32980E+0	+7.88228E-1	-1.77562E-2	+3.44214E-2
+2.34460E+0	+7.79418E-1	-2.35545E-2	+3.41414E-2
+2.35930E+0	+7.70511E-1	-1.49333E-2	+3.38690E-2
+2.37400E+0	+7.61451E-1	-2.01213E-2	+3.35642E-2
+2.38880E+0	+7.52177E-1	-1.27971E-2	+3.32749E-2
+2.40350E+0	+7.42815E-1	-2.40886E-2	+3.29543E-2
+2.41830E+0	+7.33241E-1	-2.24101E-2	+3.26648E-2
+2.43300E+0	+7.23586E-1	-1.93584E-2	+3.23154E-2
+2.44780E+0	+7.13719E-1	-3.02684E-2	+3.20070E-2
+2.46250E+0	+7.03777E-1	-9.59275E-3	+3.16504E-2
+2.47730E+0	+6.93626E-1	-3.19469E-2	+3.12998E-2
+2.49200E+0	+6.83406E-1	-2.69878E-2	+3.09826E-2
+2.50680E+0	+6.72978E-1	-1.19579E-2	+3.05937E-2
+2.52150E+0	+6.62488E-1	-3.24046E-2	+3.02005E-2
+2.53620E+0	+6.51865E-1	-4.20940E-2	+2.98567E-2
+2.55100E+0	+6.41040E-1	-1.05083E-2	+2.94751E-2
+2.56570E+0	+6.30159E-1	-1.11949E-2	+2.90313E-2
+2.58050E+0	+6.19079E-1	-4.20177E-2	+2.86244E-2
+2.59520E+0	+6.07950E-1	-5.15544E-2	+2.82531E-2
+2.61000E+0	+5.96623E-1	-2.85899E-2	+2.78511E-2
+2.62470E+0	+5.85254E-1	-7.83799E-3	+2.74099E-2
+2.63950E+0	+5.73690E-1	-2.03502E-2	+2.69452E-2
+2.65420E+0	+5.62090E-1	-2.75981E-2	+2.65055E-2
+2.66900E+0	+5.50298E-1	-2.93529E-2	+2.60468E-2
+2.68370E+0	+5.38476E-1	-3.46172E-2	+2.55950E-2
+2.69840E+0	+5.26547E-1	-4.16362E-2	+2.51211E-2
+2.71320E+0	+5.14432E-1	-3.75926E-2	+2.46548E-2
+2.72790E+0	+5.02295E-1	-3.66008E-2	+2.41650E-2
+2.74270E+0	+4.89976E-1	-3.40068E-2	+2.36821E-2
+2.75740E+0	+4.77642E-1	-3.95763E-2	+2.31732E-2
+2.77220E+0	+4.65128E-1	-3.73637E-2	+2.26735E-2
+2.78690E+0	+4.52606E-1	-3.77452E-2	+2.21498E-2
+2.80170E+0	+4.39908E-1	-3.23283E-2	+2.16448E-2
+2.81640E+0	+4.27208E-1	-3.12602E-2	+2.10969E-2
+2.83120E+0	+4.14336E-1	-3.65245E-2	+2.05746E-2
+2.84590E+0	+4.01469E-1	-3.45409E-2	+2.00290E-2
+2.86060E+0	+3.88522E-1	-4.21703E-2	+1.94867E-2
+2.87540E+0	+3.75408E-1	-4.26280E-2	+1.89109E-2
+2.89010E+0	+3.62309E-1	-4.75871E-2	+1.83299E-2
+2.90490E+0	+3.49048E-1	-4.04918E-2	+1.77531E-2
+2.91960E+0	+3.35806E-1	-3.43120E-2	+1.71674E-2
+2.93440E+0	+3.22408E-1	-3.49223E-2	+1.65848E-2
+2.94910E+0	+3.09035E-1	-3.79741E-2	+1.59915E-2
+2.96390E+0	+2.95510E-1	-4.01103E-2	+1.53929E-2
+2.97860E+0	+2.82017E-1	-4.62901E-2	+1.47830E-2
+2.99340E+0	+2.68376E-1	-3.97289E-2	+1.41670E-2
+3.00810E+0	+2.54773E-1	-3.99577E-2	+1.35487E-2
+3.02280E+0	+2.41120E-1	-5.00285E-2	+1.29292E-2
+3.03760E+0	+2.27325E-1	-4.43828E-2	+1.22848E-2
+3.05230E+0	+2.13579E-1	-3.85082E-2	+1.16573E-2
+3.06710E+0	+1.99696E-1	-4.14073E-2	+1.10391E-2
+3.08180E+0	+1.85867E-1	-4.54509E-2	+1.03967E-2
+3.09660E+0	+1.71906E-1	-4.52983E-2	+9.75616E-3
+3.11130E+0	+1.58006E-1	-3.88896E-2	+9.09176E-3
+3.12610E+0	+1.43980E-1	-5.13255E-2	+8.45702E-3
+3.14080E+0	+1.30019E-1	-4.42302E-2	+7.78112E-3
+3.15560E+0	+1.15938E-1	-4.10259E-2	+7.12961E-3
+3.17030E+0	+1.01928E-1	-4.12547E-2	+6.49088E-3
+3.18500E+0	+8.78986E-2	-4.63664E-2	+5.82825E-3
+3.19980E+0	+7.37558E-2	-4.56035E-2	+5.16998E-3
+3.21450E+0	+5.96939E-2	-4.80449E-2	+4.49993E-3
+3.22930E+0	+4.55243E-2	-5.49114E-2	+3.83663E-3
+3.24400E+0	+3.14414E-2	-3.95763E-2	+3.15621E-3
+3.25880E+0	+1.72564E-2	-4.27043E-2	+2.49706E-3
+3.27350E+0	+3.16383E-3	-3.99577E-2	+1.85000E-3
+3.28830E+0	-1.10253E-2	-5.00285E-2	+1.15944E-3
+3.30300E+0	-2.51163E-2	-4.15599E-2	+5.07577E-4
+3.31780E+0	-3.92981E-2	-4.93419E-2	-1.84925E-4
+3.33250E+0	-5.33763E-2	-5.17833E-2	-8.61636E-4
+3.34730E+0	-6.75396E-2	-3.59905E-2	-1.52888E-3
+3.36200E+0	-8.15937E-2	-4.20177E-2	-2.18530E-3
+3.37670E+0	-9.56316E-2	-4.38487E-2	-2.83474E-3
+3.39150E+0	-1.09746E-1	-4.49168E-2	-3.49676E-3
+3.40620E+0	-1.23743E-1	-4.65190E-2	-4.15066E-3
+3.42100E+0	-1.37810E-1	-4.82738E-2	-4.81545E-3
+3.43570E+0	-1.51755E-1	-4.69768E-2	-5.46621E-3
+3.45050E+0	-1.65764E-1	-3.46935E-2	-6.10498E-3
+3.46520E+0	-1.79646E-1	-3.69060E-2	-6.73124E-3
+3.48000E+0	-1.93586E-1	-4.45354E-2	-7.36756E-3
+3.49470E+0	-2.07393E-1	-4.20940E-2	-7.99756E-3
+3.50950E+0	-2.21252E-1	-4.36961E-2	-8.62833E-3
+3.52420E+0	-2.34974E-1	-4.71294E-2	-9.25857E-3
+3.53890E+0	-2.48649E-1	-4.99522E-2	-9.88159E-3
+3.55370E+0	-2.62367E-1	-3.71349E-2	-1.04952E-2
+3.56840E+0	-2.75940E-1	-3.14891E-2	-1.11040E-2
+3.58320E+0	-2.89551E-1	-3.96526E-2	-1.16921E-2
+3.59790E+0	-3.03011E-1	-4.25517E-2	-1.22970E-2
+3.61270E+0	-3.16502E-1	-4.01103E-2	-1.28971E-2
+3.62740E+0	-3.29839E-1	-4.07970E-2	-1.34859E-2
+3.64220E+0	-3.43201E-1	-3.96526E-2	-1.40527E-2
+3.65690E+0	-3.56404E-1	-4.05681E-2	-1.46491E-2
+3.67170E+0	-3.69625E-1	-4.96471E-2	-1.52219E-2
+3.68640E+0	-3.82683E-1	-3.75163E-2	-1.57879E-2
+3.70110E+0	-3.95666E-1	-4.20940E-2	-1.63464E-2
+3.71590E+0	-4.08657E-1	-3.00395E-2	-1.69037E-2
+3.73060E+0	-4.21479E-1	-2.95818E-2	-1.74612E-2
+3.74540E+0	-4.34303E-1	-3.34728E-2	-1.79944E-2
+3.76010E+0	-4.46955E-1	-2.65300E-2	-1.85261E-2
+3.77490E+0	-4.59602E-1	-3.23283E-2	-1.90696E-2
+3.78960E+0	-4.72073E-1	-3.60667E-2	-1.95756E-2
+3.80440E+0	-4.84534E-1	-3.26335E-2	-2.01005E-2
+3.81910E+0	-4.96814E-1	-3.69060E-2	-2.06032E-2
+3.83390E+0	-5.09078E-1	-3.65245E-2	-2.11129E-2
+3.84860E+0	-5.21157E-1	-3.40068E-2	-2.16172E-2
+3.86330E+0	-5.33133E-1	-3.24809E-2	-2.20981E-2
+3.87810E+0	-5.45084E-1	-3.09551E-2	-2.25859E-2
+3.89280E+0	-5.56845E-1	-2.56908E-2	-2.30669E-2
+3.90760E+0	-5.68574E-1	-2.17998E-2	-2.35409E-2
+3.92230E+0	-5.80111E-1	-2.33257E-2	-2.40084E-2
+3.93710E+0	-5.91610E-1	-2.37071E-2	-2.44728E-2
+3.95180E+0	-6.02914E-1	-3.04973E-2	-2.49244E-2
+3.96660E+0	-6.14173E-1	-3.90422E-2	-2.53791E-2
+3.98130E+0	-6.25234E-1	-4.44591E-2	-2.57849E-2
+3.99610E+0	-6.36244E-1	-2.77507E-2	-2.61960E-2
+4.01080E+0	-6.47054E-1	-1.34837E-2	-2.66442E-2
+4.02550E+0	-6.57734E-1	-2.39360E-2	-2.70747E-2
+4.04030E+0	-6.68356E-1	-4.46880E-2	-2.74790E-2
+4.05500E+0	-6.78773E-1	-3.17943E-2	-2.78339E-2
+4.06980E+0	-6.89124E-1	-3.33665E-3	-2.82556E-2
+4.08450E+0	-6.99268E-1	-3.38542E-2	-2.86738E-2
+4.09930E+0	-7.09340E-1	-4.37724E-2	-2.90004E-2
+4.11400E+0	-7.19204E-1	-4.86252E-3	-2.93748E-2
+4.12880E+0	-7.28990E-1	-2.61485E-2	-2.97694E-2
+4.14350E+0	-7.38564E-1	-3.13365E-2	-3.00847E-2
+4.15830E+0	-7.48056E-1	-1.48570E-2	-3.04700E-2
+4.17300E+0	-7.57334E-1	-3.09551E-2	-3.07906E-2
+4.18780E+0	-7.66524E-1	-1.83666E-2	-3.11322E-2
+4.20250E+0	-7.75498E-1	-2.77507E-2	-3.14473E-2
+4.21720E+0	-7.84319E-1	-2.04265E-2	-3.17793E-2
+4.23200E+0	-7.93042E-1	-2.42412E-2	-3.20779E-2
+4.24670E+0	-8.01548E-1	-1.96635E-2	-3.24061E-2
+4.26150E+0	-8.09951E-1	-9.44016E-3	-3.27059E-2
+4.27620E+0	-8.18136E-1	-2.42412E-2	-3.29973E-2
+4.29100E+0	-8.26213E-1	-1.84428E-2	-3.32928E-2
+4.30570E+0	-8.34070E-1	-1.35600E-2	-3.35700E-2
+4.32050E+0	-8.41814E-1	-1.90532E-2	-3.38367E-2
+4.33520E+0	-8.49337E-1	-2.12657E-2	-3.41131E-2
+4.35000E+0	-8.56741E-1	-2.11131E-2	-3.43743E-2
+4.36470E+0	-8.63925E-1	-1.76799E-2	-3.46228E-2
+4.37940E+0	-8.70936E-1	-8.67722E-3	-3.48665E-2
+4.39420E+0	-8.77821E-1	-1.18053E-2	-3.50944E-2
+4.40890E+0	-8.84484E-1	-1.96635E-2	-3.53285E-2
+4.42370E+0	-8.91015E-1	-2.04265E-2	-3.55542E-2
+4.43840E+0	-8.97325E-1	-1.85954E-2	-3.57805E-2
+4.45320E+0	-9.03497E-1	-1.70696E-2	-3.59901E-2
+4.46790E+0	-9.09447E-1	-1.89006E-2	-3.62003E-2
+4.48270E+0	-9.15256E-1	-1.66118E-2	-3.63896E-2
+4.49740E+0	-9.20842E-1	-1.73747E-2	-3.65766E-2
+4.51220E+0	-9.26283E-1	-1.13475E-2	-3.67459E-2
+4.52690E+0	-9.31501E-1	-8.29575E-3	-3.69408E-2
+4.54160E+0	-9.36535E-1	-7.60911E-3	-3.71207E-2
+4.55640E+0	-9.41415E-1	-1.88243E-2	-3.72755E-2
+4.57110E+0	-9.46074E-1	-1.22630E-2	-3.74329E-2
+4.58590E+0	-9.50575E-1	-1.47807E-2	-3.75696E-2
+4.60060E+0	-9.54857E-1	-3.03147E-3	-3.77220E-2
+4.61540E+0	-9.58976E-1	-7.30393E-3	-3.78561E-2
+4.63010E+0	-9.62876E-1	-1.26445E-2	-3.79792E-2
+4.64490E+0	-9.66609E-1	-9.28757E-3	-3.81122E-2
+4.65960E+0	-9.70124E-1	-1.50559E-3	-3.82208E-2
+4.67440E+0	-9.73469E-1	-1.18816E-2	-3.83276E-2
+4.68910E+0	-9.76597E-1	-1.27208E-2	-3.84248E-2
+4.70380E+0	-9.79531E-1	-1.35600E-2	-3.85297E-2
+4.71860E+0	-9.82289E-1	-8.95239E-4	-3.86157E-2
+4.73330E+0	-9.84832E-1	-3.87070E-3	-3.87095E-2
+4.74810E+0	-9.87195E-1	-1.50096E-2	-3.87856E-2
+4.76280E+0	-9.89345E-1	-8.82981E-3	-3.88515E-2
+4.77760E+0	-9.91311E-1	+7.19192E-3	-3.89339E-2
+4.79230E+0	-9.93066E-1	-1.75273E-2	-3.89847E-2
+4.80710E+0	-9.94634E-1	-7.22764E-3	-3.90494E-2
+4.82180E+0	-9.95993E-1	-2.72629E-3	-3.90745E-2
+4.83660E+0	-9.97162E-1	+2.91946E-3	-3.91243E-2
+4.85130E+0	-9.98124E-1	-1.96335E-3	-3.91647E-2
+4.86600E+0	-9.98888E-1	+6.30640E-4	-3.91732E-2
+4.88080E+0	-9.99456E-1	+4.75051E-3	-3.92042E-2
+4.89550E+0	-9.99822E-1	+1.31729E-3	-3.92092E-2
+4.91030E+0	-9.99989E-1	-5.90063E-4	-3.92281E-2
+4.92500E+0	-9.99956E-1	-1.73447E-3	-3.92274E-2
+4.93980E+0	-9.99722E-1	-1.04783E-3	-3.92281E-2
+4.95450E+0	-9.99290E-1	-4.32847E-3	-3.92225E-2
+4.96930E+0	-9.98655E-1	-6.08323E-3	-3.92094E-2
+4.98400E+0	-9.97825E-1	+6.88674E-3	-3.92063E-2
+4.99880E+0	-9.96790E-1	-1.35300E-3	-3.92138E-2
+5.01350E+0	-9.95562E-1	-1.43993E-2	-3.91902E-2
+5.02820E+0	-9.94137E-1	-2.34482E-3	-3.91614E-2
+5.04300E+0	-9.92503E-1	-2.34482E-3	-3.91555E-2
+5.05770E+0	-9.90682E-1	+4.29275E-3	-3.91410E-2
+5.07250E+0	-9.88650E-1	-1.89769E-2	-3.90860E-2
+5.08720E+0	-9.86434E-1	+2.27559E-2	-3.90485E-2
+5.10200E+0	-9.84006E-1	+9.02297E-3	-3.90429E-2
+5.11670E+0	-9.81398E-1	-3.33665E-3	-3.90018E-2
+5.13150E+0	-9.78575E-1	+2.02885E-5	-3.89571E-2
+5.14620E+0	-9.75576E-1	+1.54617E-3	-3.89111E-2
+5.16100E+0	-9.72361E-1	-2.72629E-3	-3.88615E-2
+5.17570E+0	-9.68974E-1	+1.85134E-3	-3.88126E-2
+5.19050E+0	-9.65369E-1	+7.57339E-3	-3.87575E-2
+5.20520E+0	-9.61597E-1	+2.38540E-3	-3.86803E-2
+5.21990E+0	-9.57633E-1	+4.75051E-3	-3.86237E-2
+5.23470E+0	-9.53451E-1	+7.19192E-3	-3.85413E-2
+5.24940E+0	-9.49106E-1	+6.30640E-4	-3.84581E-2
+5.26420E+0	-9.44542E-1	+6.88674E-3	-3.83763E-2
+5.27890E+0	-9.39820E-1	+1.10829E-2	-3.82826E-2
+5.29370E+0	-9.34878E-1	+1.07014E-2	-3.81796E-2
+5.30840E+0	-9.29782E-1	+1.14644E-2	-3.80767E-2
+5.32320E+0	-9.24465E-1	+3.22463E-3	-3.79573E-2
+5.33790E+0	-9.19000E-1	+5.36086E-3	-3.78402E-2
+5.35270E+0	-9.13314E-1	+7.26821E-3	-3.77203E-2
+5.36740E+0	-9.07484E-1	+7.26821E-3	-3.75868E-2
+5.38210E+0	-9.01473E-1	+5.89492E-3	-3.74400E-2
+5.39690E+0	-8.95241E-1	+1.29140E-2	-3.73006E-2
+5.41160E+0	-8.88873E-1	+1.56605E-2	-3.71444E-2
+5.42640E+0	-8.82283E-1	+1.72627E-2	-3.69765E-2
+5.44110E+0	-8.75561E-1	+1.43636E-2	-3.68092E-2
+5.45590E+0	-8.68618E-1	+1.02437E-2	-3.66430E-2
+5.47060E+0	-8.61549E-1	+1.28377E-2	-3.64589E-2
+5.48540E+0	-8.54259E-1	+1.78731E-2	-3.62543E-2
+5.50010E+0	-8.46848E-1	+1.42110E-2	-3.60602E-2
+5.51490E+0	-8.39217E-1	+1.32954E-2	-3.58514E-2
+5.52960E+0	-8.31470E-1	+1.52028E-2	-3.56344E-2
+5.54430E+0	-8.23557E-1	+1.19984E-2	-3.53971E-2
+5.55910E+0	-8.15426E-1	+8.64150E-3	-3.51661E-2
+5.57380E+0	-8.07187E-1	+1.55843E-2	-3.49266E-2
+5.58860E+0	-7.98730E-1	+1.39058E-2	-3.46620E-2
+5.60330E+0	-7.90171E-1	+1.19221E-2	-3.44080E-2
+5.61810E+0	-7.81396E-1	+2.10011E-2	-3.41316E-2
+5.63280E+0	-7.72524E-1	+1.68050E-2	-3.38733E-2
+5.64760E+0	-7.63436E-1	+2.53499E-2	-3.35923E-2
+5.66230E+0	-7.54258E-1	+1.33717E-2	-3.32934E-2
+5.67710E+0	-7.44866E-1	+2.61891E-2	-3.29984E-2
+5.69180E+0	-7.35389E-1	+1.72627E-2	-3.26986E-2
+5.70650E+0	-7.25766E-1	+3.13771E-2	-3.23687E-2
+5.72130E+0	-7.15932E-1	+1.93227E-2	-3.20705E-2
+5.73600E+0	-7.06021E-1	+1.61946E-2	-3.16985E-2
+5.75080E+0	-6.95902E-1	+3.80910E-2	-3.13735E-2
+5.76550E+0	-6.85712E-1	+1.31428E-2	-3.10360E-2
+5.78030E+0	-6.75315E-1	+1.30666E-2	-3.06441E-2
+5.79500E+0	-6.64854E-1	+4.24397E-2	-3.02973E-2
+5.80980E+0	-6.54189E-1	+1.93990E-2	-2.99541E-2
+5.82450E+0	-6.43465E-1	+3.52981E-3	-2.95280E-2
+5.83930E+0	-6.32539E-1	+3.49629E-2	-2.91027E-2
+5.85400E+0	-6.21560E-1	+5.15950E-2	-2.87523E-2
+5.86870E+0	-6.10459E-1	+3.08430E-2	-2.83692E-2
+5.88350E+0	-5.99159E-1	+5.58975E-3	-2.79271E-2
+5.89820E+0	-5.87816E-1	+1.92464E-2	-2.74660E-2
+5.91300E+0	-5.76278E-1	+3.30556E-2	-2.70436E-2
+5.92770E+0	-5.64704E-1	+4.13716E-2	-2.66217E-2
+5.94250E+0	-5.52937E-1	+4.04561E-2	-2.61750E-2
+5.95720E+0	-5.41139E-1	+4.13716E-2	-2.57240E-2
+5.97200E+0	-5.29153E-1	+4.12190E-2	-2.52653E-2
+5.98670E+0	-5.17142E-1	+3.48103E-2	-2.47978E-2
+6.00150E+0	-5.04946E-1	+3.99220E-2	-2.43062E-2
+6.01620E+0	-4.92731E-1	+4.18294E-2	-2.38208E-2
+6.03100E+0	-4.80335E-1	+3.80910E-2	-2.33240E-2
+6.04570E+0	-4.67926E-1	+3.87013E-2	-2.28224E-2
+6.06040E+0	-4.55425E-1	+4.45760E-2	-2.23139E-2
+6.07520E+0	-4.42747E-1	+3.71754E-2	-2.17801E-2
+6.08990E+0	-4.30067E-1	+4.35841E-2	-2.12522E-2
+6.10470E+0	-4.17214E-1	+3.77095E-2	-2.07219E-2
+6.11940E+0	-4.04365E-1	+3.54207E-2	-2.01687E-2
+6.13420E+0	-3.91347E-1	+3.57259E-2	-1.96119E-2
+6.14890E+0	-3.78339E-1	+3.54207E-2	-1.90739E-2
+6.16370E+0	-3.65167E-1	+4.30501E-2	-1.85072E-2
+6.17840E+0	-3.52011E-1	+4.10664E-2	-1.79420E-2
+6.19320E+0	-3.38695E-1	+4.23634E-2	-1.73401E-2
+6.20790E+0	-3.25401E-1	+3.82436E-2	-1.67721E-2
+6.22260E+0	-3.12043E-1	+3.15297E-2	-1.61809E-2
+6.23740E+0	-2.98531E-1	+3.99983E-2	-1.55838E-2
+6.25210E+0	-2.85051E-1	+4.41945E-2	-1.49831E-2
+6.26690E+0	-2.71422E-1	+4.70937E-2	-1.43668E-2
+6.28160E+0	-2.57831E-1	+4.21345E-2	-1.37448E-2
+6.29640E+0	-2.44096E-1	+4.14479E-2	-1.31215E-2
+6.31110E+0	-2.30405E-1	+4.47285E-2	-1.24934E-2
+6.32590E+0	-2.16575E-1	+4.74751E-2	-1.18458E-2
+6.34060E+0	-2.02795E-1	+3.74043E-2	-1.12204E-2
+6.35540E+0	-1.88880E-1	+3.58784E-2	-1.05836E-2
+6.37010E+0	-1.75022E-1	+4.53389E-2	-9.94799E-3
+6.38480E+0	-1.61129E-1	+5.22053E-2	-9.29889E-3
+6.39960E+0	-1.47110E-1	+4.06087E-2	-8.64203E-3
+6.41430E+0	-1.33156E-1	+4.86195E-2	-7.99343E-3
+6.42910E+0	-1.19080E-1	+4.92299E-2	-7.32420E-3
+6.44380E+0	-1.05075E-1	+3.93880E-2	-6.67050E-3
+6.45860E+0	-9.09542E-2	+4.24397E-2	-6.01908E-3
+6.47330E+0	-7.69106E-2	+4.92299E-2	-5.36050E-3
+6.48810E+0	-6.27561E-2	+5.06795E-2	-4.68944E-3
+6.50280E+0	-4.86846E-2	+4.67885E-2	-4.01322E-3
+6.51760E+0	-3.45077E-2	+4.76277E-2	-3.33584E-3
+6.53230E+0	-2.04197E-2	+4.28212E-2	-2.66841E-3
+6.54700E+0	-6.32763E-3	+4.00746E-2	-2.00149E-3
+6.56180E+0	+7.86157E-3	+5.19765E-2	-1.34637E-3
+6.57650E+0	+2.19533E-2	+4.65596E-2	-6.55550E-4
+6.59130E+0	+3.61366E-2	+4.82381E-2	+7.85868E-6
+6.60600E+0	+5.02167E-2	+5.25105E-2	+6.95214E-4
+6.62080E+0	+6.43826E-2	+4.47285E-2	+1.37321E-3
+6.63550E+0	+7.84400E-2	+3.81673E-2	+2.04030E-3
+6.65030E+0	+9.25772E-2	+4.68648E-2	+2.70508E-3
+6.66500E+0	+1.06600E-1	+5.02217E-2	+3.36723E-3
+6.67980E+0	+1.20698E-1	+4.38130E-2	+4.03802E-3
+6.69450E+0	+1.34676E-1	+4.65596E-2	+4.69561E-3
+6.70920E+0	+1.48627E-1	+4.65596E-2	+5.36725E-3
+6.72400E+0	+1.62643E-1	+4.41945E-2	+6.01242E-3
+6.73870E+0	+1.76532E-1	+3.57259E-2	+6.66218E-3
+6.75350E+0	+1.90481E-1	+5.02217E-2	+7.29615E-3
+6.76820E+0	+2.04297E-1	+4.47285E-2	+7.94490E-3
+6.78300E+0	+2.18166E-1	+4.54915E-2	+8.58603E-3
+6.79770E+0	+2.31898E-1	+4.28975E-2	+9.20792E-3
+6.81250E+0	+2.45676E-1	+4.72462E-2	+9.85179E-3
+6.82720E+0	+2.59313E-1	+4.51863E-2	+1.04692E-2
+6.84200E+0	+2.72990E-1	+3.49629E-2	+1.10990E-2
+6.85670E+0	+2.86521E-1	+3.90828E-2	+1.17004E-2
+6.87140E+0	+2.99995E-1	+3.84724E-2	+1.23020E-2
+6.88620E+0	+3.13500E-1	+4.48048E-2	+1.29118E-2
+6.90090E+0	+3.26851E-1	+4.74751E-2	+1.35092E-2
+6.91570E+0	+3.40228E-1	+3.54207E-2	+1.41180E-2
+6.93040E+0	+3.53446E-1	+4.06850E-2	+1.47031E-2
+6.94520E+0	+3.66684E-1	+3.77858E-2	+1.52827E-2
+6.95990E+0	+3.79759E-1	+4.36604E-2	+1.58686E-2
+6.97470E+0	+3.92846E-1	+4.42708E-2	+1.64501E-2
+6.98940E+0	+4.05767E-1	+3.95406E-2	+1.70036E-2
+7.00420E+0	+4.18695E-1	+3.60310E-2	+1.75724E-2
+7.01890E+0	+4.31451E-1	+3.24452E-2	+1.81094E-2
+7.03370E+0	+4.44208E-1	+2.84016E-2	+1.86658E-2
+7.04840E+0	+4.56790E-1	+3.48866E-2	+1.91903E-2
+7.06310E+0	+4.69282E-1	+2.55788E-2	+1.97239E-2
+7.07790E+0	+4.81764E-1	+3.19112E-2	+2.02542E-2
+7.09260E+0	+4.94066E-1	+2.76387E-2	+2.07700E-2
+7.10740E+0	+5.06352E-1	+2.97749E-2	+2.12808E-2
+7.12210E+0	+5.18454E-1	+2.58839E-2	+2.17787E-2
+7.13690E+0	+5.30535E-1	+2.45106E-2	+2.22877E-2
+7.15160E+0	+5.42429E-1	+2.42055E-2	+2.27812E-2
+7.16640E+0	+5.54294E-1	+2.33662E-2	+2.32720E-2
+7.18110E+0	+5.65969E-1	+2.00093E-2	+2.37585E-2
+7.19590E+0	+5.77610E-1	+2.98512E-2	+2.42421E-2
+7.21060E+0	+5.89057E-1	+3.47340E-2	+2.47034E-2
+7.22530E+0	+6.00386E-1	+4.09138E-2	+2.51469E-2
+7.24010E+0	+6.11673E-1	+4.38130E-2	+2.55889E-2
+7.25480E+0	+6.22761E-1	+2.48158E-2	+2.60116E-2
+7.26960E+0	+6.33800E-1	+1.59657E-2	+2.64648E-2
+7.28430E+0	+6.44638E-1	+2.22981E-2	+2.69112E-2
+7.29910E+0	+6.55420E-1	+4.12190E-2	+2.73273E-2
+7.31380E+0	+6.65999E-1	+4.33552E-2	+2.77073E-2
+7.32860E+0	+6.76516E-1	+1.14644E-2	+2.81116E-2
+7.34330E+0	+6.86828E-1	+1.23036E-2	+2.85603E-2
+7.35810E+0	+6.97071E-1	+4.13716E-2	+2.89335E-2
+7.37280E+0	+7.07107E-1	+2.64180E-2	+2.92791E-2
+7.38750E+0	+7.17002E-1	+1.00148E-2	+2.96916E-2
+7.40230E+0	+7.26820E-1	+3.89302E-2	+3.00579E-2
+7.41700E+0	+7.36428E-1	+1.36769E-2	+3.03963E-2
+7.43180E+0	+7.45952E-1	+2.12300E-2	+3.07831E-2
+7.44650E+0	+7.55264E-1	+2.84016E-2	+3.10973E-2
+7.46130E+0	+7.64488E-1	+1.78731E-2	+3.14643E-2
+7.47600E+0	+7.73497E-1	+2.42818E-2	+3.17746E-2
+7.49080E+0	+7.82412E-1	+2.13826E-2	+3.21289E-2
+7.50550E+0	+7.91111E-1	+1.86360E-2	+3.24090E-2
+7.52030E+0	+7.99710E-1	+2.45869E-2	+3.27315E-2
+7.53500E+0	+8.08092E-1	+1.78731E-2	+3.30317E-2
+7.54970E+0	+8.16313E-1	+2.29085E-2	+3.33090E-2
+7.56450E+0	+8.24427E-1	+2.13063E-2	+3.36078E-2
+7.57920E+0	+8.32321E-1	+1.35243E-2	+3.38856E-2
+7.59400E+0	+8.40102E-1	+1.98567E-2	+3.41455E-2
+7.60870E+0	+8.47663E-1	+2.45869E-2	+3.44092E-2
+7.62350E+0	+8.55105E-1	+2.29085E-2	+3.46744E-2
+7.63820E+0	+8.62327E-1	+1.25325E-2	+3.49098E-2
+7.65300E+0	+8.69425E-1	+1.08540E-2	+3.51531E-2
+7.66770E+0	+8.76301E-1	+1.10066E-2	+3.53939E-2
+7.68250E+0	+8.83049E-1	+1.51265E-2	+3.56198E-2
+7.69720E+0	+8.89574E-1	+1.55843E-2	+3.58306E-2
+7.71190E+0	+8.95924E-1	+1.34480E-2	+3.60412E-2
+7.72670E+0	+9.02136E-1	+1.42873E-2	+3.62505E-2
+7.74140E+0	+9.08127E-1	+1.16933E-2	+3.64548E-2
+7.75620E+0	+9.13976E-1	+1.48213E-2	+3.66380E-2
+7.77090E+0	+9.19604E-1	+1.00911E-2	+3.68241E-2
+7.78570E+0	+9.25086E-1	+8.59522E-4	+3.70129E-2
+7.80040E+0	+9.30346E-1	+1.31428E-2	+3.71952E-2
+7.81520E+0	+9.35455E-1	+1.28377E-2	+3.73523E-2
+7.82990E+0	+9.40343E-1	+6.88674E-3	+3.75098E-2
+7.84470E+0	+9.45076E-1	+9.93850E-3	+3.76653E-2
+7.85940E+0	+9.49588E-1	+3.37722E-3	+3.77986E-2
+7.87420E+0	+9.53941E-1	+4.44534E-3	+3.79517E-2
+7.88890E+0	+9.58074E-1	+8.10745E-3	+3.80795E-2
+7.90360E+0	+9.62017E-1	+9.55703E-3	+3.81959E-2
+7.91840E+0	+9.65793E-1	+5.97122E-3	+3.83286E-2
+7.93310E+0	+9.69352E-1	-9.71533E-4	+3.84391E-2
+7.94790E+0	+9.72740E-1	+1.28377E-2	+3.85499E-2
+7.96260E+0	+9.75912E-1	+1.49739E-2	+3.86533E-2
+7.97740E+0	+9.78909E-1	+1.34480E-2	+3.87502E-2
+7.99210E+0	+9.81691E-1	+1.07014E-2	+3.88224E-2
+8.00690E+0	+9.84295E-1	+6.73416E-3	+3.89109E-2
+8.02160E+0	+9.86685E-1	+2.84316E-3	+3.89902E-2
+8.03640E+0	+9.88893E-1	+6.42898E-3	+3.90633E-2
+8.05110E+0	+9.90890E-1	+1.79494E-2	+3.91157E-2
+8.06580E+0	+9.92689E-1	-8.44834E-3	+3.91819E-2
+8.08060E+0	+9.94302E-1	-1.32299E-4	+3.92178E-2
+8.09530E+0	+9.95706E-1	-3.79441E-3	+3.92639E-2
+8.11010E+0	+9.96919E-1	+1.14644E-2	+3.93001E-2
+8.12480E+0	+9.97925E-1	-1.81077E-3	+3.93243E-2
+8.13960E+0	+9.98738E-1	+4.44534E-3	+3.93604E-2
+8.15430E+0	+9.99347E-1	+4.75051E-3	+3.93741E-2
+8.16910E+0	+9.99759E-1	-2.57371E-3	+3.93738E-2
+8.18380E+0	+9.99969E-1	-2.42112E-3	+3.93967E-2
+8.19860E+0	+9.99980E-1	+1.72876E-4	+3.93991E-2
+8.21330E+0	+9.99791E-1	-4.63364E-3	+3.93799E-2
+8.22800E+0	+9.99404E-1	-5.62546E-3	+3.93860E-2
+8.24280E+0	+9.98814E-1	+1.01211E-3	+3.93812E-2
+8.25750E+0	+9.98029E-1	+1.10066E-2	+3.93661E-2
+8.27230E+0	+9.97038E-1	-3.03147E-3	+3.93481E-2
+8.28700E+0	+9.95855E-1	-1.52385E-2	+3.93413E-2
+8.30180E+0	+9.94464E-1	+2.69058E-3	+3.93259E-2
+8.31650E+0	+9.92885E-1	-6.15952E-3	+3.92921E-2
+8.33130E+0	+9.91095E-1	+1.69876E-3	+3.92701E-2
+8.34600E+0	+9.89120E-1	-1.11186E-2	+3.92615E-2
+8.36080E+0	+9.86933E-1	+2.69521E-2	+3.92155E-2
+8.37550E+0	+9.84564E-1	+9.17556E-3	+3.91691E-2
+8.39020E+0	+9.82000E-1	-1.20342E-2	+3.91510E-2
+8.40500E+0	+9.79221E-1	+4.82681E-3	+3.91016E-2
+8.41970E+0	+9.76266E-1	-1.96335E-3	+3.90576E-2
+8.43450E+0	+9.73095E-1	+1.72876E-4	+3.89977E-2
+8.44920E+0	+9.69751E-1	-2.42112E-3	+3.89459E-2
+8.46400E+0	+9.66190E-1	-3.94700E-3	+3.88886E-2
+8.47870E+0	+9.62460E-1	-5.54917E-3	+3.88047E-2
+8.49350E+0	+9.58512E-1	-5.13769E-4	+3.87443E-2
+8.50820E+0	+9.54400E-1	-3.03147E-3	+3.86609E-2
+8.52300E+0	+9.50068E-1	-3.87070E-3	+3.85741E-2
+8.53770E+0	+9.45576E-1	-8.21946E-3	+3.84895E-2
+8.55240E+0	+9.40896E-1	-1.18816E-2	+3.83882E-2
+8.56720E+0	+9.35996E-1	-3.64182E-3	+3.82804E-2
+8.58190E+0	+9.30942E-1	-3.18406E-3	+3.81821E-2
+8.59670E+0	+9.25667E-1	-8.21946E-3	+3.80587E-2
+8.61140E+0	+9.20243E-1	-9.89792E-3	+3.79463E-2
+8.62620E+0	+9.14598E-1	-1.11949E-2	+3.78172E-2
+8.64090E+0	+9.08808E-1	-7.60911E-3	+3.76825E-2
+8.65570E+0	+9.02797E-1	-7.45652E-3	+3.75440E-2
+8.67040E+0	+8.96646E-1	-9.05869E-3	+3.73865E-2
+8.68520E+0	+8.90274E-1	-6.31211E-3	+3.72316E-2
+8.69990E+0	+8.83767E-1	-3.71811E-3	+3.70730E-2
+8.71460E+0	+8.77085E-1	-1.00505E-2	+3.69049E-2
+8.72940E+0	+8.70181E-1	-1.16527E-2	+3.67239E-2
+8.74410E+0	+8.63151E-1	-1.11186E-2	+3.65299E-2
+8.75890E+0	+8.55900E-1	-9.59275E-3	+3.63411E-2
+8.77360E+0	+8.48526E-1	-1.82140E-2	+3.61347E-2
+8.78840E+0	+8.40933E-1	-2.01976E-2	+3.59219E-2
+8.80310E+0	+8.33223E-1	-1.91295E-2	+3.57099E-2
+8.81790E+0	+8.25294E-1	-1.37889E-2	+3.54890E-2
+8.83260E+0	+8.17253E-1	-1.87480E-2	+3.52485E-2
+8.84740E+0	+8.08994E-1	-1.40178E-2	+3.50016E-2
+8.86210E+0	+8.00630E-1	-1.24156E-2	+3.47601E-2
+8.87690E+0	+7.92048E-1	-2.22575E-2	+3.44922E-2
+8.89160E+0	+7.83366E-1	-1.58489E-2	+3.42329E-2
+8.90630E+0	+7.74529E-1	-2.68352E-2	+3.39546E-2
+8.92110E+0	+7.65476E-1	-1.69170E-2	+3.36578E-2
+8.93580E+0	+7.56331E-1	-2.16472E-2	+3.33763E-2
+8.95060E+0	+7.46973E-1	-1.41704E-2	+3.30610E-2
+8.96530E+0	+7.37529E-1	-2.80559E-2	+3.27507E-2
+8.98010E+0	+7.27873E-1	-1.32549E-2	+3.24336E-2
+8.99480E+0	+7.18137E-1	-2.66063E-2	+3.20901E-2
+9.00960E+0	+7.08191E-1	-2.62248E-2	+3.17848E-2
+9.02430E+0	+6.98170E-1	-1.59251E-2	+3.14140E-2
+9.03910E+0	+6.87942E-1	-3.69060E-2	+3.10685E-2
+9.05380E+0	+6.77645E-1	-2.59197E-2	+3.07346E-2
+9.06850E+0	+6.67214E-1	-9.05869E-3	+3.03267E-2
+9.08330E+0	+6.56578E-1	-4.20177E-2	+2.99398E-2
+9.09800E+0	+6.45883E-1	-4.32384E-2	+2.96029E-2
+9.11280E+0	+6.34986E-1	-1.09660E-2	+2.92165E-2
+9.12750E+0	+6.24036E-1	-1.31786E-2	+2.87644E-2
+9.14230E+0	+6.12886E-1	-3.91185E-2	+2.83580E-2
+9.15700E+0	+6.01689E-1	-4.77397E-2	+2.79737E-2
+9.17180E+0	+5.90295E-1	-2.61485E-2	+2.75697E-2
+9.18650E+0	+5.78861E-1	-1.29497E-2	+2.71169E-2
+9.20130E+0	+5.67233E-1	-1.69170E-2	+2.66570E-2
+9.21600E+0	+5.55570E-1	-2.08843E-2	+2.62009E-2
+9.23070E+0	+5.43797E-1	-2.57671E-2	+2.57447E-2
+9.24550E+0	+5.31835E-1	-2.88951E-2	+2.52713E-2
+9.26020E+0	+5.19847E-1	-3.30913E-2	+2.48036E-2
+9.27500E+0	+5.07674E-1	-2.98106E-2	+2.43243E-2
+9.28970E+0	+4.95482E-1	-2.93529E-2	+2.38349E-2
+9.30450E+0	+4.83107E-1	-3.60667E-2	+2.33396E-2
+9.31920E+0	+4.70720E-1	-3.47698E-2	+2.28390E-2
+9.33400E+0	+4.58154E-1	-2.88951E-2	+2.23246E-2
+9.34870E+0	+4.45582E-1	-3.46172E-2	+2.18095E-2
+9.36350E+0	+4.32835E-1	-2.75218E-2	+2.12843E-2
+9.37820E+0	+4.20087E-1	-2.85136E-2	+2.07523E-2
+9.39290E+0	+4.07256E-1	-3.24809E-2	+2.02162E-2
+9.40770E+0	+3.94256E-1	-3.76689E-2	+1.96724E-2
+9.42240E+0	+3.81266E-1	-3.95000E-2	+1.91153E-2
+9.43720E+0	+3.68110E-1	-4.04918E-2	+1.85338E-2
+9.45190E+0	+3.54970E-1	-4.14836E-2	+1.79633E-2
+9.46670E+0	+3.41670E-1	-3.46935E-2	+1.73838E-2
+9.48140E+0	+3.28391E-1	-3.68297E-2	+1.67914E-2
+9.49620E+0	+3.14956E-1	-4.57561E-2	+1.61984E-2
+9.51090E+0	+3.01549E-1	-4.60613E-2	+1.55891E-2
+9.52570E+0	+2.87990E-1	-4.23991E-2	+1.49845E-2
+9.54040E+0	+2.74466E-1	-3.73637E-2	+1.43727E-2
+9.55510E+0	+2.60887E-1	-3.69823E-2	+1.37590E-2
+9.56990E+0	+2.47163E-1	-4.51457E-2	+1.31443E-2
+9.58460E+0	+2.33483E-1	-4.65190E-2	+1.25107E-2
+9.59940E+0	+2.19662E-1	-3.87370E-2	+1.18800E-2
+9.61410E+0	+2.05892E-1	-4.63664E-2	+1.12483E-2
+9.62890E+0	+1.91986E-1	-5.39958E-2	+1.06113E-2
+9.64360E+0	+1.78136E-1	-4.28569E-2	+9.95292E-3
+9.65840E+0	+1.64157E-1	-3.56090E-2	+9.31203E-3
+9.67310E+0	+1.50238E-1	-4.36198E-2	+8.67343E-3
+9.68790E+0	+1.36196E-1	-4.23991E-2	+8.01767E-3
+9.70260E+0	+1.22220E-1	-4.43828E-2	+7.36027E-3
+9.71740E+0	+1.08126E-1	-4.56035E-2	+6.70429E-3
+9.73210E+0	+9.41045E-2	-5.26225E-2	+6.04598E-3
+9.74680E+0	+8.00647E-2	-4.23991E-2	+5.37596E-3
+9.76160E+0	+6.59134E-2	-3.76689E-2	+4.71547E-3
+9.77630E+0	+5.18445E-2	-4.99522E-2	+4.06665E-3
+9.79110E+0	+3.76695E-2	-4.38487E-2	+3.38981E-3
+9.80580E+0	+2.35828E-2	-4.14836E-2	+2.72637E-3
+9.82060E+0	+9.39549E-3	-4.88078E-2	+2.05323E-3
+9.83530E+0	-4.69780E-3	-4.01103E-2	+1.38797E-3
+9.85010E+0	-1.88860E-2	-4.66716E-2	+7.03652E-4
+9.86480E+0	-3.29746E-2	-3.86607E-2	+4.19358E-5
+9.87960E+0	-4.71524E-2	-4.48406E-2	-6.32778E-4
+9.89430E+0	-6.12250E-2	-4.64427E-2	-1.30820E-3
+9.90900E+0	-7.52855E-2	-4.86552E-2	-1.97200E-3
+9.92380E+0	-8.94265E-2	-4.78923E-2	-2.65141E-3
+9.93850E+0	-1.03454E-1	-4.66716E-2	-3.30896E-3
+9.95330E+0	-1.17556E-1	-3.87370E-2	-3.95751E-3
+9.96800E+0	-1.31540E-1	-4.55272E-2	-4.61104E-3
+9.98280E+0	-1.45592E-1	-4.87315E-2	-5.26070E-3
+9.99750E+0	-1.59521E-1	-4.11021E-2	-5.90675E-3
+1.00123E+1	-1.73512E-1	-5.01811E-2	-6.55422E-3
+1.00270E+1	-1.87374E-1	-4.07207E-2	-7.19731E-3
+1.00418E+1	-2.01292E-1	-4.31621E-2	-7.83861E-3
+1.00565E+1	-2.15077E-1	-3.59905E-2	-8.45023E-3
+1.00712E+1	-2.28819E-1	-4.31621E-2	-9.07888E-3
+1.00860E+1	-2.42608E-1	-4.53746E-2	-9.70662E-3
+1.01007E+1	-2.56256E-1	-4.30095E-2	-1.03289E-2
+1.01155E+1	-2.69945E-1	-4.02629E-2	-1.09335E-2
+1.01302E+1	-2.83488E-1	-4.35436E-2	-1.15499E-2
+1.01450E+1	-2.97066E-1	-4.66716E-2	-1.21522E-2
+1.01597E+1	-3.10494E-1	-3.64482E-2	-1.27592E-2
+1.01745E+1	-3.23950E-1	-3.66771E-2	-1.33538E-2
+1.01892E+1	-3.37251E-1	-3.41594E-2	-1.39202E-2
+1.02040E+1	-3.50575E-1	-3.66008E-2	-1.45118E-2
+1.02187E+1	-3.63738E-1	-4.44591E-2	-1.50855E-2
+1.02334E+1	-3.76830E-1	-3.82793E-2	-1.56532E-2
+1.02482E+1	-3.89935E-1	-3.79741E-2	-1.62184E-2
+1.02629E+1	-4.02873E-1	-3.69060E-2	-1.67820E-2
+1.02777E+1	-4.15819E-1	-3.26335E-2	-1.73335E-2
+1.02924E+1	-4.28595E-1	-3.46935E-2	-1.78875E-2
+1.03072E+1	-4.41371E-1	-3.73637E-2	-1.84147E-2
+1.03219E+1	-4.53973E-1	-3.41594E-2	-1.89674E-2
+1.03367E+1	-4.66570E-1	-4.65190E-2	-1.94997E-2
+1.03514E+1	-4.78989E-1	-3.73637E-2	-2.00125E-2
+1.03662E+1	-4.91396E-1	-4.85027E-2	-2.05280E-2
+1.03809E+1	-5.03621E-1	-3.98052E-2	-2.10381E-2
+1.03956E+1	-5.15746E-1	-4.44591E-2	-2.15496E-2
+1.04104E+1	-5.27851E-1	-3.94237E-2	-2.20377E-2
+1.04251E+1	-5.39768E-1	-4.14836E-2	-2.25261E-2
+1.04399E+1	-5.51658E-1	-3.72875E-2	-2.30064E-2
+1.04546E+1	-5.63358E-1	-3.56090E-2	-2.34753E-2
+1.04694E+1	-5.75024E-1	-2.40123E-2	-2.39419E-2
+1.04841E+1	-5.86497E-1	-2.01213E-2	-2.44032E-2
+1.04989E+1	-5.97930E-1	-2.74455E-2	-2.48729E-2
+1.05136E+1	-6.09167E-1	-2.65300E-2	-2.53218E-2
+1.05284E+1	-6.20358E-1	-4.27806E-2	-2.57740E-2
+1.05431E+1	-6.31350E-1	-3.80504E-2	-2.61743E-2
+1.05578E+1	-6.42216E-1	-2.17998E-2	-2.65988E-2
+1.05726E+1	-6.53028E-1	-1.34837E-2	-2.70406E-2
+1.05873E+1	-6.63636E-1	-2.40886E-2	-2.74749E-2
+1.06021E+1	-6.74183E-1	-4.57561E-2	-2.78565E-2
+1.06168E+1	-6.84525E-1	-2.59959E-2	-2.82057E-2
+1.06316E+1	-6.94799E-1	-5.93064E-3	-2.86404E-2
+1.06463E+1	-7.04866E-1	-4.14073E-2	-2.90335E-2
+1.06611E+1	-7.14860E-1	-3.56853E-2	-2.93662E-2
+1.06758E+1	-7.24644E-1	-3.48923E-3	-2.97611E-2
+1.06906E+1	-7.34349E-1	-3.99577E-2	-3.01257E-2
+1.07053E+1	-7.43842E-1	-1.75273E-2	-3.04444E-2
+1.07201E+1	-7.53250E-1	-1.89006E-2	-3.08259E-2
+1.07348E+1	-7.62444E-1	-2.02739E-2	-3.11403E-2
+1.07495E+1	-7.71488E-1	-2.60722E-2	-3.14860E-2
+1.07643E+1	-7.80438E-1	-1.95110E-2	-3.17797E-2
+1.07790E+1	-7.89172E-1	-2.17235E-2	-3.21233E-2
+1.07938E+1	-7.97806E-1	-1.34074E-2	-3.24273E-2
+1.08085E+1	-8.06224E-1	-2.54619E-2	-3.27239E-2
+1.08233E+1	-8.14537E-1	-1.62303E-2	-3.30337E-2
+1.08380E+1	-8.22632E-1	-1.47044E-2	-3.33102E-2
+1.08528E+1	-8.30616E-1	-2.21050E-2	-3.35909E-2
+1.08675E+1	-8.38382E-1	-1.36363E-2	-3.38798E-2
+1.08823E+1	-8.46031E-1	-1.58489E-2	-3.41506E-2
+1.08970E+1	-8.53461E-1	-1.92058E-2	-3.43903E-2
+1.09117E+1	-8.60721E-1	-2.59959E-2	-3.46473E-2
+1.09265E+1	-8.67857E-1	-1.37889E-2	-3.48954E-2
+1.09412E+1	-8.74773E-1	-8.06687E-3	-3.51331E-2
+1.09560E+1	-8.81559E-1	-1.34074E-2	-3.53732E-2
+1.09707E+1	-8.88125E-1	-2.03502E-2	-3.55905E-2
+1.09855E+1	-8.94557E-1	-1.47807E-2	-3.58096E-2
+1.10002E+1	-9.00767E-1	-1.03557E-2	-3.60216E-2
+1.10150E+1	-9.06838E-1	-1.27971E-2	-3.62279E-2
+1.10297E+1	-9.12688E-1	-1.75273E-2	-3.64305E-2
+1.10445E+1	-9.18395E-1	-1.53148E-2	-3.66180E-2
+1.10592E+1	-9.23880E-1	-1.83666E-2	-3.67893E-2
+1.10739E+1	-9.29181E-1	-1.89006E-2	-3.69576E-2
+1.10887E+1	-9.34332E-1	-5.32029E-3	-3.71389E-2
+1.11034E+1	-9.39262E-1	-1.44756E-2	-3.73041E-2
+1.11182E+1	-9.44037E-1	-1.04320E-2	-3.74584E-2
+1.11329E+1	-9.48592E-1	-7.30393E-3	-3.76160E-2
+1.11477E+1	-9.52987E-1	-1.73747E-2	-3.77466E-2
+1.11624E+1	-9.57163E-1	-1.09660E-2	-3.78853E-2
+1.11772E+1	-9.61175E-1	-8.67722E-3	-3.80174E-2
+1.11919E+1	-9.64968E-1	-1.21867E-2	-3.81356E-2
+1.12067E+1	-9.68594E-1	-5.13769E-4	-3.82476E-2
+1.12214E+1	-9.72002E-1	-1.12712E-2	-3.83634E-2
+1.12361E+1	-9.75217E-1	-1.35600E-2	-3.84672E-2
+1.12509E+1	-9.78258E-1	-1.12712E-2	-3.85712E-2
+1.12656E+1	-9.81083E-1	-1.82903E-2	-3.86545E-2
+1.12804E+1	-9.83731E-1	-2.72629E-3	-3.87414E-2
+1.12951E+1	-9.86165E-1	+2.08022E-3	-3.88251E-2
+1.13099E+1	-9.88418E-1	+6.30640E-4	-3.88890E-2
+1.13246E+1	-9.90459E-1	-1.50559E-3	-3.89843E-2
+1.13394E+1	-9.92314E-1	-1.08897E-2	-3.90327E-2
+1.13541E+1	-9.93960E-1	-7.91428E-3	-3.91067E-2
+1.13689E+1	-9.95417E-1	-8.37205E-3	-3.91323E-2
+1.13836E+1	-9.96666E-1	-5.77805E-3	-3.91752E-2
+1.13983E+1	-9.97717E-1	-1.25682E-2	-3.92208E-2
+1.14131E+1	-9.98574E-1	+5.66604E-3	-3.92403E-2
+1.14278E+1	-9.99228E-1	+2.53799E-3	-3.92785E-2
+1.14426E+1	-9.99685E-1	-4.25217E-3	-3.92759E-2
+1.14573E+1	-9.99939E-1	-3.79441E-3	-3.92909E-2
+1.14721E+1	-9.99995E-1	-2.84887E-4	-3.92920E-2
+1.14868E+1	-9.99851E-1	+1.24099E-3	-3.92946E-2
+1.15016E+1	-9.99506E-1	+1.01211E-3	-3.92842E-2
+1.15163E+1	-9.98963E-1	+8.33633E-3	-3.92764E-2
+1.15311E+1	-9.98217E-1	+1.05489E-2	-3.92826E-2
+1.15458E+1	-9.97276E-1	-1.55437E-2	-3.92723E-2
+1.15606E+1	-9.96129E-1	+1.92764E-3	-3.92506E-2
+1.15753E+1	-9.94792E-1	+5.05569E-3	-3.92490E-2
+1.15900E+1	-9.93256E-1	-4.40476E-3	-3.92374E-2
+1.16048E+1	-9.91511E-1	+2.23281E-3	-3.92159E-2
+1.16195E+1	-9.89581E-1	+5.58975E-3	-3.91636E-2
+1.16343E+1	-9.87438E-1	+2.71809E-2	-3.91661E-2
+1.16490E+1	-9.85113E-1	-2.26853E-3	-3.91379E-2
+1.16638E+1	-9.82575E-1	+5.81863E-3	-3.90829E-2
+1.16785E+1	-9.79858E-1	+1.72876E-4	-3.90526E-2
+1.16933E+1	-9.76926E-1	-4.09958E-3	-3.90045E-2
+1.17080E+1	-9.73819E-1	-5.13769E-4	-3.89565E-2
+1.17228E+1	-9.70495E-1	+1.16470E-3	-3.89111E-2
+1.17375E+1	-9.67001E-1	+4.67422E-3	-3.88585E-2
+1.17522E+1	-9.63314E-1	+4.90310E-3	-3.87829E-2
+1.17670E+1	-9.59409E-1	-1.35300E-3	-3.87276E-2
+1.17817E+1	-9.55340E-1	+4.75051E-3	-3.86481E-2
+1.17965E+1	-9.51051E-1	-5.13769E-4	-3.85648E-2
+1.18112E+1	-9.46601E-1	+9.25186E-3	-3.84886E-2
+1.18260E+1	-9.41931E-1	+1.13118E-2	-3.83978E-2
+1.18407E+1	-9.37105E-1	+5.89492E-3	-3.82930E-2
+1.18555E+1	-9.32058E-1	+4.52163E-3	-3.81929E-2
+1.18702E+1	-9.26859E-1	+8.64150E-3	-3.80825E-2
+1.18850E+1	-9.21440E-1	+3.07205E-3	-3.79725E-2
+1.18997E+1	-9.15873E-1	+3.22463E-3	-3.78514E-2
+1.19144E+1	-9.10124E-1	+1.32954E-2	-3.77238E-2
+1.19292E+1	-9.04153E-1	+1.21510E-2	-3.75819E-2
+1.19439E+1	-8.98043E-1	+1.10829E-2	-3.74418E-2
+1.19587E+1	-8.91711E-1	+1.55843E-2	-3.72882E-2
+1.19734E+1	-8.85243E-1	+1.50502E-2	-3.71275E-2
+1.19882E+1	-8.78555E-1	+1.36769E-2	-3.69484E-2
+1.20029E+1	-8.71736E-1	+1.07014E-2	-3.67851E-2
+1.20177E+1	-8.64696E-1	+7.19192E-3	-3.66091E-2
+1.20324E+1	-8.57531E-1	+1.23799E-2	-3.64241E-2
+1.20472E+1	-8.50146E-1	+1.29140E-2	-3.62289E-2
+1.20619E+1	-8.42641E-1	+1.55843E-2	-3.60197E-2
+1.20766E+1	-8.34968E-1	+1.22273E-2	-3.58057E-2
+1.20914E+1	-8.27076E-1	+1.08540E-2	-3.55843E-2
+1.21061E+1	-8.19073E-1	+1.16933E-2	-3.53593E-2
+1.21209E+1	-8.10850E-1	+1.34480E-2	-3.51072E-2
+1.21356E+1	-8.02522E-1	+8.94668E-3	-3.48614E-2
+1.21504E+1	-7.93975E-1	+1.93990E-2	-3.46083E-2
+1.21651E+1	-7.85329E-1	+1.01674E-2	-3.43424E-2
+1.21799E+1	-7.76466E-1	+1.98567E-2	-3.40783E-2
+1.21946E+1	-7.67508E-1	+1.74916E-2	-3.37883E-2
+1.22094E+1	-7.58335E-1	+2.23744E-2	-3.35184E-2
+1.22241E+1	-7.49073E-1	+1.35243E-2	-3.32096E-2
+1.22388E+1	-7.39662E-1	+2.44344E-2	-3.29247E-2
+1.22536E+1	-7.30039E-1	+1.40584E-2	-3.25915E-2
+1.22683E+1	-7.20335E-1	+3.38948E-2	-3.22776E-2
+1.22831E+1	-7.10421E-1	+1.61183E-2	-3.19658E-2
+1.22978E+1	-7.00432E-1	+2.02382E-2	-3.15950E-2
+1.23126E+1	-6.90235E-1	+3.74043E-2	-3.12724E-2
+1.23273E+1	-6.79969E-1	+8.71780E-3	-3.09204E-2
+1.23421E+1	-6.69496E-1	+2.16878E-2	-3.05217E-2
+1.23568E+1	-6.58961E-1	+4.76277E-2	-3.01865E-2
+1.23716E+1	-6.48222E-1	+1.98567E-2	-2.98261E-2
+1.23863E+1	-6.37427E-1	+5.51345E-3	-2.93974E-2
+1.24010E+1	-6.26505E-1	+3.57259E-2	-2.89851E-2
+1.24158E+1	-6.15383E-1	+5.19002E-2	-2.86150E-2
+1.24305E+1	-6.04213E-1	+2.73335E-2	-2.82271E-2
+1.24453E+1	-5.92846E-1	+8.79409E-3	-2.77764E-2
+1.24600E+1	-5.81438E-1	+1.81782E-2	-2.73240E-2
+1.24748E+1	-5.69836E-1	+2.85542E-2	-2.68972E-2
+1.24895E+1	-5.58198E-1	+2.93172E-2	-2.64475E-2
+1.25043E+1	-5.46369E-1	+3.92354E-2	-2.60019E-2
+1.25190E+1	-5.34512E-1	+4.16768E-2	-2.55409E-2
+1.25338E+1	-5.22466E-1	+3.96168E-2	-2.50792E-2
+1.25485E+1	-5.10397E-1	+4.00746E-2	-2.45990E-2
+1.25633E+1	-4.98145E-1	+4.19820E-2	-2.41146E-2
+1.25780E+1	-4.85875E-1	+3.99983E-2	-2.36160E-2
+1.25927E+1	-4.73509E-1	+4.39656E-2	-2.31332E-2
+1.26075E+1	-4.60964E-1	+3.78621E-2	-2.26141E-2
+1.26222E+1	-4.48412E-1	+3.83198E-2	-2.21055E-2
+1.26370E+1	-4.35684E-1	+2.99275E-2	-2.15680E-2
+1.26517E+1	-4.22956E-1	+3.34370E-2	-2.10476E-2
+1.26665E+1	-4.10056E-1	+2.50447E-2	-2.05090E-2
+1.26812E+1	-3.97162E-1	+3.26741E-2	-1.99615E-2
+1.26960E+1	-3.84100E-1	+3.42000E-2	-1.94163E-2
+1.27107E+1	-3.71050E-1	+3.78621E-2	-1.88564E-2
+1.27255E+1	-3.57837E-1	+4.44997E-2	-1.82863E-2
+1.27402E+1	-3.44641E-1	+4.48811E-2	-1.77038E-2
+1.27549E+1	-3.31378E-1	+3.97694E-2	-1.71229E-2
+1.27697E+1	-3.17957E-1	+3.93880E-2	-1.65345E-2
+1.27844E+1	-3.04564E-1	+3.94643E-2	-1.59357E-2
+1.27992E+1	-2.91019E-1	+4.34315E-2	-1.53207E-2
+1.28139E+1	-2.77507E-1	+4.16005E-2	-1.47225E-2
+1.28287E+1	-2.63847E-1	+3.42763E-2	-1.41019E-2
+1.28434E+1	-2.50227E-1	+3.94643E-2	-1.35018E-2
+1.28582E+1	-2.36465E-1	+4.02272E-2	-1.28708E-2
+1.28729E+1	-2.22748E-1	+4.73225E-2	-1.22306E-2
+1.28877E+1	-2.08893E-1	+4.35078E-2	-1.15891E-2
+1.29024E+1	-1.95090E-1	+4.16768E-2	-1.09435E-2
+1.29171E+1	-1.81249E-1	+4.30501E-2	-1.03135E-2
+1.29319E+1	-1.67277E-1	+3.99220E-2	-9.64825E-3
+1.29466E+1	-1.53366E-1	+3.84724E-2	-9.02869E-3
+1.29614E+1	-1.39329E-1	+4.29738E-2	-8.37041E-3
+1.29761E+1	-1.25360E-1	+5.12898E-2	-7.71801E-3
+1.29909E+1	-1.11270E-1	+4.62544E-2	-7.04535E-3
+1.30056E+1	-9.72538E-2	+4.42708E-2	-6.38307E-3
+1.30204E+1	-8.31224E-2	+4.56441E-2	-5.71967E-3
+1.30351E+1	-6.90700E-2	+4.10664E-2	-5.05828E-3
+1.30499E+1	-5.49081E-2	+3.99983E-2	-4.39722E-3
+1.30646E+1	-4.08309E-2	+4.50337E-2	-3.73517E-3
+1.30793E+1	-2.67456E-2	+4.99165E-2	-3.04857E-3
+1.30941E+1	-1.25591E-2	+4.26686E-2	-2.37228E-3
+1.31088E+1	+1.53398E-3	+5.01454E-2	-1.67811E-3
+1.31236E+1	+1.57227E-2	+4.35078E-2	-1.04290E-3
+1.31383E+1	+2.98123E-2	+3.83198E-2	-3.60823E-4
+1.31531E+1	+4.39919E-2	+4.61018E-2	+3.05485E-4
+1.31678E+1	+5.80668E-2	+5.03743E-2	+9.77551E-4
+1.31826E+1	+7.22259E-2	+4.49574E-2	+1.66746E-3
+1.31973E+1	+8.62749E-2	+4.86958E-2	+2.33669E-3
+1.32121E+1	+1.00402E-1	+4.70174E-2	+3.01758E-3
+1.32268E+1	+1.14414E-1	+4.01509E-2	+3.66701E-3
+1.32415E+1	+1.28403E-1	+3.99983E-2	+4.32146E-3
+1.32563E+1	+1.42461E-1	+4.67122E-2	+4.97691E-3
+1.32710E+1	+1.56397E-1	+4.66359E-2	+5.64068E-3
+1.32858E+1	+1.70395E-1	+4.14479E-2	+6.29273E-3
+1.33005E+1	+1.84265E-1	+4.83906E-2	+6.95327E-3
+1.33153E+1	+1.98192E-1	+4.72462E-2	+7.59494E-3
+1.33300E+1	+2.11986E-1	+3.66414E-2	+8.23082E-3
+1.33448E+1	+2.25831E-1	+3.80910E-2	+8.85450E-3
+1.33595E+1	+2.39538E-1	+4.45760E-2	+9.48156E-3
+1.33743E+1	+2.53289E-1	+5.05269E-2	+1.01115E-2
+1.33890E+1	+2.66898E-1	+3.83198E-2	+1.07385E-2
+1.34038E+1	+2.80545E-1	+4.04561E-2	+1.13581E-2
+1.34185E+1	+2.94044E-1	+4.61018E-2	+1.19744E-2
+1.34332E+1	+3.07485E-1	+4.58729E-2	+1.25706E-2
+1.34480E+1	+3.20955E-1	+3.86250E-2	+1.31898E-2
+1.34627E+1	+3.34271E-1	+3.69466E-2	+1.37737E-2
+1.34775E+1	+3.47610E-1	+3.07667E-2	+1.43671E-2
+1.34922E+1	+3.60789E-1	+4.10664E-2	+1.49434E-2
+1.35070E+1	+3.73986E-1	+4.47285E-2	+1.55297E-2
+1.35217E+1	+3.87019E-1	+4.67122E-2	+1.61145E-2
+1.35365E+1	+4.00064E-1	+4.25160E-2	+1.66845E-2
+1.35512E+1	+4.12940E-1	+3.80147E-2	+1.72418E-2
+1.35660E+1	+4.25821E-1	+3.51155E-2	+1.77992E-2
+1.35807E+1	+4.38530E-1	+3.52681E-2	+1.83453E-2
+1.35954E+1	+4.51152E-1	+3.32844E-2	+1.88840E-2
+1.36102E+1	+4.63770E-1	+3.46577E-2	+1.94143E-2
+1.36249E+1	+4.76209E-1	+2.92409E-2	+1.99489E-2
+1.36397E+1	+4.88638E-1	+3.33607E-2	+2.04753E-2
+1.36544E+1	+5.00885E-1	+3.14534E-2	+2.09796E-2
+1.36692E+1	+5.13116E-1	+3.20637E-2	+2.14941E-2
+1.36839E+1	+5.25161E-1	+3.24452E-2	+2.19915E-2
+1.36987E+1	+5.37183E-1	+3.22163E-2	+2.24935E-2
+1.37134E+1	+5.49016E-1	+2.25270E-2	+2.29812E-2
+1.37282E+1	+5.60820E-1	+2.64943E-2	+2.34704E-2
+1.37429E+1	+5.72433E-1	+2.39003E-2	+2.39524E-2
+1.37576E+1	+5.83931E-1	+3.03853E-2	+2.44265E-2
+1.37724E+1	+5.95391E-1	+2.87068E-2	+2.48859E-2
+1.37871E+1	+6.06655E-1	+4.12190E-2	+2.53305E-2
+1.38019E+1	+6.17873E-1	+4.39656E-2	+2.57536E-2
+1.38166E+1	+6.28893E-1	+2.57313E-2	+2.61889E-2
+1.38314E+1	+6.39862E-1	+1.16170E-2	+2.66341E-2
+1.38461E+1	+6.50628E-1	+1.87886E-2	+2.70798E-2
+1.38609E+1	+6.61338E-1	+4.28212E-2	+2.75066E-2
+1.38756E+1	+6.71843E-1	+4.28975E-2	+2.78669E-2
+1.38904E+1	+6.82285E-1	+1.17696E-2	+2.82842E-2
+1.39051E+1	+6.92520E-1	+2.13826E-2	+2.87071E-2
+1.39198E+1	+7.02618E-1	+4.49574E-2	+2.90656E-2
+1.39346E+1	+7.12644E-1	+1.86360E-2	+2.94216E-2
+1.39493E+1	+7.22460E-1	+1.61946E-2	+2.98445E-2
+1.39641E+1	+7.32197E-1	+3.96931E-2	+3.01862E-2
+1.39788E+1	+7.41723E-1	+1.38295E-2	+3.05362E-2
+1.39936E+1	+7.51165E-1	+2.97749E-2	+3.09012E-2
+1.40083E+1	+7.60394E-1	+1.35243E-2	+3.12279E-2
+1.40231E+1	+7.69532E-1	+2.70283E-2	+3.15830E-2
+1.40378E+1	+7.78456E-1	+1.81020E-2	+3.18943E-2
+1.40526E+1	+7.87284E-1	+2.77913E-2	+3.22250E-2
+1.40673E+1	+7.95895E-1	+1.76442E-2	+3.25264E-2
+1.40820E+1	+8.04348E-1	+2.29848E-2	+3.28150E-2
+1.40968E+1	+8.12698E-1	+1.89412E-2	+3.31304E-2
+1.41115E+1	+8.20829E-1	+1.82545E-2	+3.34095E-2
+1.41263E+1	+8.28850E-1	+2.13826E-2	+3.36849E-2
+1.41410E+1	+8.36653E-1	+1.58894E-2	+3.39724E-2
+1.41558E+1	+8.44340E-1	+1.19221E-2	+3.42357E-2
+1.41705E+1	+8.51808E-1	+1.42110E-2	+3.44857E-2
+1.41853E+1	+8.59155E-1	+2.12300E-2	+3.47356E-2
+1.42000E+1	+8.66281E-1	+2.13826E-2	+3.49828E-2
+1.42148E+1	+8.73282E-1	+1.68050E-2	+3.52268E-2
+1.42295E+1	+8.80061E-1	+1.31428E-2	+3.54684E-2
+1.42442E+1	+8.86666E-1	+1.43636E-2	+3.56726E-2
+1.42590E+1	+8.93138E-1	+9.48074E-3	+3.58861E-2
+1.42737E+1	+8.99388E-1	+1.50502E-2	+3.60964E-2
+1.42885E+1	+9.05500E-1	+1.00911E-2	+3.63036E-2
+1.43032E+1	+9.11391E-1	+9.17556E-3	+3.64948E-2
+1.43180E+1	+9.17138E-1	+1.24562E-2	+3.66899E-2
+1.43327E+1	+9.22664E-1	+9.02297E-3	+3.68687E-2
+1.43475E+1	+9.28043E-1	+9.25186E-3	+3.70581E-2
+1.43622E+1	+9.33200E-1	+1.73390E-2	+3.72184E-2
+1.43770E+1	+9.38205E-1	+1.45924E-2	+3.73659E-2
+1.43917E+1	+9.42989E-1	+8.48892E-3	+3.75331E-2
+1.44065E+1	+9.47616E-1	+1.29140E-2	+3.76815E-2
+1.44212E+1	+9.52024E-1	+1.22273E-2	+3.78212E-2
+1.44359E+1	+9.56242E-1	+1.10066E-2	+3.79513E-2
+1.44507E+1	+9.60297E-1	+7.87856E-3	+3.80851E-2
+1.44654E+1	+9.64133E-1	+9.02297E-3	+3.82080E-2
+1.44802E+1	+9.67802E-1	-2.84887E-4	+3.83152E-2
+1.44949E+1	+9.71253E-1	+1.13118E-2	+3.84335E-2
+1.45097E+1	+9.74533E-1	+1.43636E-2	+3.85425E-2
+1.45244E+1	+9.77597E-1	+7.19192E-3	+3.86465E-2
+1.45392E+1	+9.80485E-1	+1.40584E-2	+3.87319E-2
+1.45539E+1	+9.83158E-1	+6.35269E-3	+3.88021E-2
+1.45687E+1	+9.85652E-1	+4.06387E-3	+3.88800E-2
+1.45834E+1	+9.87933E-1	+1.32191E-2	+3.89535E-2
+1.45981E+1	+9.90018E-1	+2.00393E-3	+3.90171E-2
+1.46129E+1	+9.91918E-1	-3.33665E-3	+3.90881E-2
+1.46276E+1	+9.93608E-1	+7.83228E-4	+3.91269E-2
+1.46424E+1	+9.95109E-1	+2.76687E-3	+3.91727E-2
+1.46571E+1	+9.96403E-1	-2.42112E-3	+3.92216E-2
+1.46719E+1	+9.97505E-1	-4.17588E-3	+3.92533E-2
+1.46866E+1	+9.98401E-1	+1.64998E-2	+3.92787E-2
+1.47014E+1	+9.99102E-1	+5.36086E-3	+3.92914E-2
+1.47161E+1	+9.99600E-1	-5.47288E-3	+3.93133E-2
+1.47309E+1	+9.99901E-1	-4.02329E-3	+3.93387E-2
