+0.00000E+0	+0.00000E+0	-6.98942E-3	-3.49471E-7
+1.47000E-2	+1.40930E-2	+5.51901E-2	+4.63133E-4
+2.95000E-2	+2.82790E-2	+8.50211E-2	+1.48532E-3
+4.42000E-2	+4.23635E-2	+1.18438E-1	+3.02196E-3
+5.90000E-2	+5.65354E-2	+1.49261E-1	+5.03088E-3
+7.37000E-2	+7.06002E-2	+1.62993E-1	+7.33966E-3
+8.85000E-2	+8.47465E-2	+1.74438E-1	+9.85744E-3
+1.03200E-1	+9.87804E-2	+1.84890E-1	+1.24822E-2
+1.18000E-1	+1.12890E-1	+1.82372E-1	+1.51628E-2
+1.32700E-1	+1.26882E-1	+1.76040E-1	+1.78309E-2
+1.47500E-1	+1.40943E-1	+1.78710E-1	+2.04856E-2
+1.62200E-1	+1.54881E-1	+1.75735E-1	+2.30892E-2
+1.76900E-1	+1.68789E-1	+1.68487E-1	+2.56302E-2
+1.91700E-1	+1.82757E-1	+1.66427E-1	+2.81119E-2
+2.06400E-1	+1.96595E-1	+1.62688E-1	+3.04957E-2
+2.21200E-1	+2.10487E-1	+1.50176E-1	+3.27838E-2
+2.35900E-1	+2.24243E-1	+1.42089E-1	+3.49604E-2
+2.50700E-1	+2.38048E-1	+1.41402E-1	+3.70660E-2
+2.65400E-1	+2.51712E-1	+1.34002E-1	+3.90693E-2
+2.80200E-1	+2.65419E-1	+1.25152E-1	+4.09742E-2
+2.94900E-1	+2.78980E-1	+1.17065E-1	+4.27627E-2
+3.09700E-1	+2.92577E-1	+1.14776E-1	+4.44670E-2
+3.24400E-1	+3.06025E-1	+1.09511E-1	+4.60704E-2
+3.39100E-1	+3.19411E-1	+1.00432E-1	+4.75919E-2
+3.53900E-1	+3.32825E-1	+9.24979E-2	+4.90282E-2
+3.68600E-1	+3.46081E-1	+8.52500E-2	+5.03633E-2
+3.83400E-1	+3.59358E-1	+8.25797E-2	+5.16125E-2
+3.98100E-1	+3.72474E-1	+7.67050E-2	+5.27709E-2
+4.12900E-1	+3.85605E-1	+7.14408E-2	+5.38597E-2
+4.27600E-1	+3.98569E-1	+6.72446E-2	+5.48731E-2
+4.42400E-1	+4.11542E-1	+6.25907E-2	+5.58211E-2
+4.57100E-1	+4.24346E-1	+5.72501E-2	+5.66957E-2
+4.71900E-1	+4.37151E-1	+5.35880E-2	+5.75123E-2
+4.86600E-1	+4.49783E-1	+4.87052E-2	+5.82663E-2
+5.01400E-1	+4.62410E-1	+4.51956E-2	+5.89694E-2
+5.16100E-1	+4.74860E-1	+4.22202E-2	+5.96214E-2
+5.30800E-1	+4.87215E-1	+4.03128E-2	+6.02355E-2
+5.45600E-1	+4.99557E-1	+3.87869E-2	+6.08153E-2
+5.60300E-1	+5.11716E-1	+3.68033E-2	+6.13618E-2
+5.75100E-1	+5.23855E-1	+3.42856E-2	+6.18814E-2
+5.89800E-1	+5.35807E-1	+3.24545E-2	+6.23684E-2
+6.04600E-1	+5.47734E-1	+2.98606E-2	+6.28312E-2
+6.19300E-1	+5.59470E-1	+2.91739E-2	+6.32643E-2
+6.34100E-1	+5.71174E-1	+2.50540E-2	+6.36758E-2
+6.48800E-1	+5.82685E-1	+2.67325E-2	+6.40601E-2
+6.63600E-1	+5.94158E-1	+2.30704E-2	+6.44206E-2
+6.78300E-1	+6.05435E-1	+2.24600E-2	+6.47589E-2
+6.93000E-1	+6.16591E-1	+2.09342E-2	+6.50794E-2
+7.07800E-1	+6.27700E-1	+2.11630E-2	+6.53812E-2
+7.22500E-1	+6.38608E-1	+1.78824E-2	+6.56667E-2
+7.37300E-1	+6.49463E-1	+1.77298E-2	+6.59375E-2
+7.52000E-1	+6.60114E-1	+1.63565E-2	+6.61952E-2
+7.66800E-1	+6.70706E-1	+1.66617E-2	+6.64367E-2
+7.81500E-1	+6.81093E-1	+1.28470E-2	+6.66654E-2
+7.96300E-1	+6.91413E-1	+1.42203E-2	+6.68823E-2
+8.11000E-1	+7.01526E-1	+1.37625E-2	+6.70871E-2
+8.25800E-1	+7.11567E-1	+1.18552E-2	+6.72839E-2
+8.40500E-1	+7.21398E-1	+1.17026E-2	+6.74684E-2
+8.55200E-1	+7.31086E-1	+1.22367E-2	+6.76436E-2
+8.70000E-1	+7.40694E-1	+1.11685E-2	+6.78155E-2
+8.84700E-1	+7.50088E-1	+1.14737E-2	+6.79754E-2
+8.99500E-1	+7.59396E-1	+1.11685E-2	+6.81313E-2
+9.14200E-1	+7.68490E-1	+8.65084E-3	+6.82758E-2
+9.29000E-1	+7.77492E-1	+1.07108E-2	+6.84164E-2
+9.43700E-1	+7.86278E-1	+9.56636E-3	+6.85488E-2
+9.58500E-1	+7.94965E-1	+9.41378E-3	+6.86749E-2
+9.73200E-1	+8.03436E-1	+8.04048E-3	+6.87916E-2
+9.88000E-1	+8.11803E-1	+7.96419E-3	+6.89089E-2
+1.00270E+0	+8.19952E-1	+6.05684E-3	+6.90182E-2
+1.01740E+0	+8.27938E-1	+7.04866E-3	+6.91223E-2
+1.03220E+0	+8.35812E-1	+5.98055E-3	+6.92252E-2
+1.04690E+0	+8.43466E-1	+4.83614E-3	+6.93215E-2
+1.06170E+0	+8.51003E-1	+7.04866E-3	+6.94124E-2
+1.07640E+0	+8.58320E-1	+5.44649E-3	+6.94996E-2
+1.09120E+0	+8.65514E-1	+3.84432E-3	+6.95853E-2
+1.10590E+0	+8.72487E-1	+5.21761E-3	+6.96667E-2
+1.12070E+0	+8.79332E-1	+5.52278E-3	+6.97458E-2
+1.13540E+0	+8.85956E-1	+5.82796E-3	+6.98187E-2
+1.15020E+0	+8.92447E-1	+4.60726E-3	+6.98900E-2
+1.16490E+0	+8.98717E-1	+4.98873E-3	+6.99573E-2
+1.17960E+0	+9.04807E-1	+4.07320E-3	+7.00215E-2
+1.19440E+0	+9.10758E-1	+3.38655E-3	+7.00827E-2
+1.20910E+0	+9.16487E-1	+2.77620E-3	+7.01419E-2
+1.22390E+0	+9.22072E-1	+3.23397E-3	+7.01969E-2
+1.23860E+0	+9.27434E-1	+1.70809E-3	+7.02506E-2
+1.25340E+0	+9.32647E-1	+2.24215E-3	+7.03011E-2
+1.26810E+0	+9.37639E-1	+4.75985E-3	+7.03487E-2
+1.28290E+0	+9.42477E-1	+3.38655E-3	+7.03956E-2
+1.29760E+0	+9.47094E-1	+3.08138E-3	+7.04376E-2
+1.31240E+0	+9.51553E-1	+2.85250E-3	+7.04778E-2
+1.32710E+0	+9.55792E-1	+3.23397E-3	+7.05157E-2
+1.34180E+0	+9.59841E-1	+3.99691E-3	+7.05529E-2
+1.35660E+0	+9.63725E-1	+2.92879E-3	+7.05871E-2
+1.37130E+0	+9.67391E-1	+3.53914E-3	+7.06167E-2
+1.38610E+0	+9.70887E-1	+1.17403E-3	+7.06447E-2
+1.40080E+0	+9.74166E-1	+6.43831E-3	+7.06742E-2
+1.41560E+0	+9.77273E-1	+3.99691E-3	+7.07042E-2
+1.43030E+0	+9.80163E-1	+4.83614E-3	+7.07233E-2
+1.44510E+0	+9.82877E-1	+2.58503E-4	+7.07437E-2
+1.45980E+0	+9.85376E-1	+2.08956E-3	+7.07637E-2
+1.47460E+0	+9.87694E-1	+1.55550E-3	+7.07789E-2
+1.48930E+0	+9.89800E-1	+6.39972E-4	+7.07945E-2
+1.50410E+0	+9.91722E-1	+1.25032E-3	+7.08088E-2
+1.51880E+0	+9.93433E-1	+7.16266E-4	+7.08177E-2
+1.53350E+0	+9.94947E-1	+2.47103E-3	+7.08304E-2
+1.54830E+0	+9.96271E-1	-5.04437E-4	+7.08387E-2
+1.56300E+0	+9.97388E-1	+9.45148E-4	+7.08444E-2
+1.57780E+0	+9.98313E-1	+9.45148E-4	+7.08476E-2
+1.59250E+0	+9.99032E-1	+1.82209E-4	+7.08525E-2
+1.60730E+0	+9.99556E-1	+2.96207E-5	+7.08552E-2
+1.62200E+0	+9.99876E-1	-1.64885E-3	+7.08570E-2
+1.63680E+0	+9.99999E-1	-5.80731E-4	+7.08558E-2
+1.65150E+0	+9.99921E-1	-8.09613E-4	+7.08524E-2
+1.66630E+0	+9.99642E-1	-7.33319E-4	+7.08454E-2
+1.68100E+0	+9.99166E-1	-4.66732E-5	+7.08422E-2
+1.69570E+0	+9.98491E-1	-2.75555E-4	+7.08348E-2
+1.71050E+0	+9.97612E-1	-4.66732E-5	+7.08276E-2
+1.72520E+0	+9.96539E-1	+1.78438E-3	+7.08194E-2
+1.74000E+0	+9.95260E-1	-1.64885E-3	+7.08107E-2
+1.75470E+0	+9.93790E-1	-6.57025E-4	+7.08010E-2
+1.76950E+0	+9.92111E-1	-2.86955E-3	+7.07897E-2
+1.78420E+0	+9.90246E-1	+8.68854E-4	+7.07786E-2
+1.79900E+0	+9.88170E-1	-2.41179E-3	+7.07657E-2
+1.81370E+0	+9.85910E-1	-2.79326E-3	+7.07505E-2
+1.82850E+0	+9.83437E-1	+3.34796E-4	+7.07360E-2
+1.84320E+0	+9.80785E-1	-2.56437E-3	+7.07216E-2
+1.85790E+0	+9.77938E-1	+1.70809E-3	+7.07047E-2
+1.87270E+0	+9.74876E-1	+3.46285E-3	+7.06865E-2
+1.88740E+0	+9.71640E-1	+1.86068E-3	+7.06711E-2
+1.90220E+0	+9.68187E-1	-5.00578E-3	+7.06479E-2
+1.91690E+0	+9.64565E-1	-1.19108E-3	+7.06317E-2
+1.93170E+0	+9.60724E-1	-7.33319E-4	+7.06084E-2
+1.94640E+0	+9.56717E-1	-4.16655E-3	+7.05840E-2
+1.96120E+0	+9.52492E-1	-1.22967E-4	+7.05627E-2
+1.97590E+0	+9.48105E-1	-2.41179E-3	+7.05374E-2
+1.99070E+0	+9.43498E-1	-1.49626E-3	+7.05097E-2
+2.00540E+0	+9.38734E-1	-1.26738E-3	+7.04838E-2
+2.02010E+0	+9.33784E-1	-2.33549E-3	+7.04550E-2
+2.03490E+0	+9.28613E-1	-2.10661E-3	+7.04276E-2
+2.04960E+0	+9.23291E-1	-3.63249E-3	+7.03964E-2
+2.06440E+0	+9.17749E-1	-5.80731E-4	+7.03638E-2
+2.07910E+0	+9.12060E-1	-4.28143E-4	+7.03300E-2
+2.09390E+0	+9.06150E-1	-4.39543E-3	+7.02947E-2
+2.10860E+0	+9.00099E-1	-3.02214E-3	+7.02586E-2
+2.12340E+0	+8.93827E-1	-3.47990E-3	+7.02223E-2
+2.13810E+0	+8.87419E-1	-1.19108E-3	+7.01849E-2
+2.15290E+0	+8.80789E-1	+2.58503E-4	+7.01473E-2
+2.16760E+0	+8.74028E-1	-3.55619E-3	+7.01050E-2
+2.18230E+0	+8.67094E-1	-1.49626E-3	+7.00629E-2
+2.19710E+0	+8.59939E-1	-2.41179E-3	+7.00174E-2
+2.21180E+0	+8.52660E-1	-2.41179E-3	+6.99706E-2
+2.22660E+0	+8.45161E-1	-3.55619E-3	+6.99223E-2
+2.24130E+0	+8.37544E-1	-3.86137E-3	+6.98739E-2
+2.25610E+0	+8.29708E-1	-3.63249E-3	+6.98232E-2
+2.27080E+0	+8.21759E-1	-4.01396E-3	+6.97676E-2
+2.28560E+0	+8.13591E-1	-2.18290E-3	+6.97139E-2
+2.30030E+0	+8.05316E-1	-3.02214E-3	+6.96590E-2
+2.31510E+0	+7.96823E-1	-2.86955E-3	+6.95994E-2
+2.32980E+0	+7.88228E-1	-4.70060E-3	+6.95405E-2
+2.34460E+0	+7.79418E-1	-4.39543E-3	+6.94779E-2
+2.35930E+0	+7.70511E-1	-5.15837E-3	+6.94126E-2
+2.37400E+0	+7.61451E-1	-5.15837E-3	+6.93456E-2
+2.38880E+0	+7.52177E-1	-4.54802E-3	+6.92757E-2
+2.40350E+0	+7.42815E-1	-6.83683E-3	+6.92025E-2
+2.41830E+0	+7.33241E-1	-4.54802E-3	+6.91299E-2
+2.43300E+0	+7.23586E-1	-4.31913E-3	+6.90518E-2
+2.44780E+0	+7.13719E-1	-4.09025E-3	+6.89727E-2
+2.46250E+0	+7.03777E-1	-5.08207E-3	+6.88910E-2
+2.47730E+0	+6.93626E-1	-7.44719E-3	+6.88040E-2
+2.49200E+0	+6.83406E-1	-6.53166E-3	+6.87156E-2
+2.50680E+0	+6.72978E-1	-6.30278E-3	+6.86238E-2
+2.52150E+0	+6.62488E-1	-6.68425E-3	+6.85270E-2
+2.53620E+0	+6.51865E-1	-5.15837E-3	+6.84274E-2
+2.55100E+0	+6.41040E-1	-7.06572E-3	+6.83239E-2
+2.56570E+0	+6.30159E-1	-8.13383E-3	+6.82192E-2
+2.58050E+0	+6.19079E-1	-8.05754E-3	+6.81063E-2
+2.59520E+0	+6.07950E-1	-9.58342E-3	+6.79914E-2
+2.61000E+0	+5.96623E-1	-7.90495E-3	+6.78730E-2
+2.62470E+0	+5.85254E-1	-8.74418E-3	+6.77521E-2
+2.63950E+0	+5.73690E-1	-1.02701E-2	+6.76213E-2
+2.65420E+0	+5.62090E-1	-8.66789E-3	+6.74891E-2
+2.66900E+0	+5.50298E-1	-1.00412E-2	+6.73488E-2
+2.68370E+0	+5.38476E-1	-8.82048E-3	+6.72062E-2
+2.69840E+0	+5.26547E-1	-1.01938E-2	+6.70548E-2
+2.71320E+0	+5.14432E-1	-1.01938E-2	+6.68969E-2
+2.72790E+0	+5.02295E-1	-9.35453E-3	+6.67328E-2
+2.74270E+0	+4.89976E-1	-1.06515E-2	+6.65645E-2
+2.75740E+0	+4.77642E-1	-9.65971E-3	+6.63867E-2
+2.77220E+0	+4.65128E-1	-1.16434E-2	+6.62010E-2
+2.78690E+0	+4.52606E-1	-1.11093E-2	+6.60052E-2
+2.80170E+0	+4.39908E-1	-1.35507E-2	+6.58046E-2
+2.81640E+0	+4.27208E-1	-1.50766E-2	+6.55910E-2
+2.83120E+0	+4.14336E-1	-1.53055E-2	+6.53694E-2
+2.84590E+0	+4.01469E-1	-1.77469E-2	+6.51364E-2
+2.86060E+0	+3.88522E-1	-1.99594E-2	+6.48957E-2
+2.87540E+0	+3.75408E-1	-1.87387E-2	+6.46356E-2
+2.89010E+0	+3.62309E-1	-1.81283E-2	+6.43661E-2
+2.90490E+0	+3.49048E-1	-1.75180E-2	+6.40844E-2
+2.91960E+0	+3.35806E-1	-1.98831E-2	+6.37893E-2
+2.93440E+0	+3.22408E-1	-2.34689E-2	+6.34716E-2
+2.94910E+0	+3.09035E-1	-2.43081E-2	+6.31409E-2
+2.96390E+0	+2.95510E-1	-2.32400E-2	+6.27933E-2
+2.97860E+0	+2.82017E-1	-2.36215E-2	+6.24271E-2
+2.99340E+0	+2.68376E-1	-2.81991E-2	+6.20375E-2
+3.00810E+0	+2.54773E-1	-3.21664E-2	+6.16199E-2
+3.02280E+0	+2.41120E-1	-3.41501E-2	+6.11786E-2
+3.03760E+0	+2.27325E-1	-2.94198E-2	+6.07056E-2
+3.05230E+0	+2.13579E-1	-3.46078E-2	+6.02143E-2
+3.06710E+0	+1.99696E-1	-3.88803E-2	+5.96824E-2
+3.08180E+0	+1.85867E-1	-4.23898E-2	+5.91104E-2
+3.09660E+0	+1.71906E-1	-4.05588E-2	+5.84940E-2
+3.11130E+0	+1.58006E-1	-4.75778E-2	+5.78326E-2
+3.12610E+0	+1.43980E-1	-5.71908E-2	+5.71110E-2
+3.14080E+0	+1.30019E-1	-5.58938E-2	+5.63170E-2
+3.15560E+0	+1.15938E-1	-5.90219E-2	+5.54525E-2
+3.17030E+0	+1.01928E-1	-6.69565E-2	+5.45103E-2
+3.18500E+0	+8.78986E-2	-7.80954E-2	+5.34609E-2
+3.19980E+0	+7.37558E-2	-8.02316E-2	+5.22936E-2
+3.21450E+0	+5.96939E-2	-9.18283E-2	+5.10159E-2
+3.22930E+0	+4.55243E-2	-1.07087E-1	+4.96065E-2
+3.24400E+0	+3.14414E-2	-1.07850E-1	+4.80590E-2
+3.25880E+0	+1.72564E-2	-1.18302E-1	+4.63859E-2
+3.27350E+0	+3.16383E-3	-1.28907E-1	+4.45791E-2
+3.28830E+0	-1.10253E-2	-1.37299E-1	+4.26054E-2
+3.30300E+0	-2.51163E-2	-1.46684E-1	+4.04829E-2
+3.31780E+0	-3.92981E-2	-1.65605E-1	+3.81684E-2
+3.33250E+0	-5.33763E-2	-1.75218E-1	+3.57041E-2
+3.34730E+0	-6.75396E-2	-1.82465E-1	+3.30499E-2
+3.36200E+0	-8.15937E-2	-1.97648E-1	+3.02480E-2
+3.37670E+0	-9.56316E-2	-2.03523E-1	+2.72994E-2
+3.39150E+0	-1.09746E-1	-2.10236E-1	+2.42144E-2
+3.40620E+0	-1.23743E-1	-2.19544E-1	+2.10585E-2
+3.42100E+0	-1.37810E-1	-2.22596E-1	+1.78081E-2
+3.43570E+0	-1.51755E-1	-2.19087E-1	+1.45636E-2
+3.45050E+0	-1.65764E-1	-2.22291E-1	+1.12782E-2
+3.46520E+0	-1.79646E-1	-2.23206E-1	+8.01865E-3
+3.48000E+0	-1.93586E-1	-2.16416E-1	+4.75550E-3
+3.49470E+0	-2.07393E-1	-2.15043E-1	+1.54890E-3
+3.50950E+0	-2.21252E-1	-2.18781E-1	-1.64789E-3
+3.52420E+0	-2.34974E-1	-2.11686E-1	-4.77753E-3
+3.53890E+0	-2.48649E-1	-2.03752E-1	-7.83526E-3
+3.55370E+0	-2.62367E-1	-1.99708E-1	-1.08394E-2
+3.56840E+0	-2.75940E-1	-1.95054E-1	-1.37431E-2
+3.58320E+0	-2.89551E-1	-1.87425E-1	-1.65718E-2
+3.59790E+0	-3.03011E-1	-1.80177E-1	-1.92846E-2
+3.61270E+0	-3.16502E-1	-1.72013E-1	-2.19127E-2
+3.62740E+0	-3.29839E-1	-1.67207E-1	-2.44218E-2
+3.64220E+0	-3.43201E-1	-1.61714E-1	-2.68407E-2
+3.65690E+0	-3.56404E-1	-1.54542E-1	-2.91462E-2
+3.67170E+0	-3.69625E-1	-1.46302E-1	-3.13540E-2
+3.68640E+0	-3.82683E-1	-1.36231E-1	-3.34376E-2
+3.70110E+0	-3.95666E-1	-1.29365E-1	-3.54093E-2
+3.71590E+0	-4.08657E-1	-1.24024E-1	-3.72929E-2
+3.73060E+0	-4.21479E-1	-1.16242E-1	-3.90542E-2
+3.74540E+0	-4.34303E-1	-1.08537E-1	-4.07179E-2
+3.76010E+0	-4.46955E-1	-1.02509E-1	-4.22622E-2
+3.77490E+0	-4.59602E-1	-9.45749E-2	-4.37117E-2
+3.78960E+0	-4.72073E-1	-8.69455E-2	-4.50474E-2
+3.80440E+0	-4.84534E-1	-8.07657E-2	-4.62900E-2
+3.81910E+0	-4.96814E-1	-7.51962E-2	-4.74299E-2
+3.83390E+0	-5.09078E-1	-6.96268E-2	-4.84865E-2
+3.84860E+0	-5.21157E-1	-6.35232E-2	-4.94488E-2
+3.86330E+0	-5.33133E-1	-5.75723E-2	-5.03280E-2
+3.87810E+0	-5.45084E-1	-5.33761E-2	-5.11397E-2
+3.89280E+0	-5.56845E-1	-4.80356E-2	-5.18762E-2
+3.90760E+0	-5.68574E-1	-4.36868E-2	-5.25532E-2
+3.92230E+0	-5.80111E-1	-4.17032E-2	-5.31662E-2
+3.93710E+0	-5.91610E-1	-3.73544E-2	-5.37304E-2
+3.95180E+0	-6.02914E-1	-3.31582E-2	-5.42486E-2
+3.96660E+0	-6.14173E-1	-3.05643E-2	-5.47294E-2
+3.98130E+0	-6.25234E-1	-2.86569E-2	-5.51676E-2
+3.99610E+0	-6.36244E-1	-2.72836E-2	-5.55705E-2
+4.01080E+0	-6.47054E-1	-2.62155E-2	-5.59458E-2
+4.02550E+0	-6.57734E-1	-2.24008E-2	-5.62914E-2
+4.04030E+0	-6.68356E-1	-2.04172E-2	-5.66186E-2
+4.05500E+0	-6.78773E-1	-1.87387E-2	-5.69170E-2
+4.06980E+0	-6.89124E-1	-1.99594E-2	-5.71981E-2
+4.08450E+0	-6.99268E-1	-1.61447E-2	-5.74634E-2
+4.09930E+0	-7.09340E-1	-1.69076E-2	-5.77105E-2
+4.11400E+0	-7.19204E-1	-1.62973E-2	-5.79429E-2
+4.12880E+0	-7.28990E-1	-1.38559E-2	-5.81653E-2
+4.14350E+0	-7.38564E-1	-1.38559E-2	-5.83715E-2
+4.15830E+0	-7.48056E-1	-1.35507E-2	-5.85697E-2
+4.17300E+0	-7.57334E-1	-1.04226E-2	-5.87540E-2
+4.18780E+0	-7.66524E-1	-1.01175E-2	-5.89324E-2
+4.20250E+0	-7.75498E-1	-1.01938E-2	-5.90990E-2
+4.21720E+0	-7.84319E-1	-9.96489E-3	-5.92569E-2
+4.23200E+0	-7.93042E-1	-1.04989E-2	-5.94102E-2
+4.24670E+0	-8.01548E-1	-1.04989E-2	-5.95565E-2
+4.26150E+0	-8.09951E-1	-8.13383E-3	-5.96954E-2
+4.27620E+0	-8.18136E-1	-8.36271E-3	-5.98277E-2
+4.29100E+0	-8.26213E-1	-8.66789E-3	-5.99549E-2
+4.30570E+0	-8.34070E-1	-7.29460E-3	-6.00762E-2
+4.32050E+0	-8.41814E-1	-6.98942E-3	-6.01925E-2
+4.33520E+0	-8.49337E-1	-8.43901E-3	-6.03049E-2
+4.35000E+0	-8.56741E-1	-7.29460E-3	-6.04120E-2
+4.36470E+0	-8.63925E-1	-7.29460E-3	-6.05151E-2
+4.37940E+0	-8.70936E-1	-4.16655E-3	-6.06106E-2
+4.39420E+0	-8.77821E-1	-6.83683E-3	-6.07055E-2
+4.40890E+0	-8.84484E-1	-3.93766E-3	-6.07976E-2
+4.42370E+0	-8.91015E-1	-7.14201E-3	-6.08853E-2
+4.43840E+0	-8.97325E-1	-6.53166E-3	-6.09720E-2
+4.45320E+0	-9.03497E-1	-6.15019E-3	-6.10510E-2
+4.46790E+0	-9.09447E-1	-6.98942E-3	-6.11303E-2
+4.48270E+0	-9.15256E-1	-4.85319E-3	-6.12033E-2
+4.49740E+0	-9.20842E-1	-3.93766E-3	-6.12755E-2
+4.51220E+0	-9.26283E-1	-4.85319E-3	-6.13437E-2
+4.52690E+0	-9.31501E-1	-2.94584E-3	-6.14107E-2
+4.54160E+0	-9.36535E-1	-3.17472E-3	-6.14752E-2
+4.55640E+0	-9.41415E-1	-5.76872E-3	-6.15358E-2
+4.57110E+0	-9.46074E-1	-4.85319E-3	-6.15937E-2
+4.58590E+0	-9.50575E-1	-6.30278E-3	-6.16495E-2
+4.60060E+0	-9.54857E-1	-3.09843E-3	-6.17043E-2
+4.61540E+0	-9.58976E-1	-4.24284E-3	-6.17552E-2
+4.63010E+0	-9.62876E-1	-3.32731E-3	-6.18054E-2
+4.64490E+0	-9.66609E-1	-6.22648E-3	-6.18531E-2
+4.65960E+0	-9.70124E-1	-1.41996E-3	-6.18967E-2
+4.67440E+0	-9.73469E-1	-5.38725E-3	-6.19421E-2
+4.68910E+0	-9.76597E-1	-2.71696E-3	-6.19830E-2
+4.70380E+0	-9.79531E-1	-4.47172E-3	-6.20246E-2
+4.71860E+0	-9.82289E-1	-2.94584E-3	-6.20564E-2
+4.73330E+0	-9.84832E-1	-3.86137E-3	-6.20944E-2
+4.74810E+0	-9.87195E-1	-1.26738E-3	-6.21263E-2
+4.76280E+0	-9.89345E-1	-4.54802E-3	-6.21548E-2
+4.77760E+0	-9.91311E-1	-1.64885E-3	-6.21840E-2
+4.79230E+0	-9.93066E-1	-4.85319E-3	-6.22102E-2
+4.80710E+0	-9.94634E-1	-4.92949E-3	-6.22373E-2
+4.82180E+0	-9.95993E-1	-1.49626E-3	-6.22584E-2
+4.83660E+0	-9.97162E-1	-2.25920E-3	-6.22819E-2
+4.85130E+0	-9.98124E-1	-1.64885E-3	-6.23006E-2
+4.86600E+0	-9.98888E-1	-1.26738E-3	-6.23151E-2
+4.88080E+0	-9.99456E-1	-3.51849E-4	-6.23320E-2
+4.89550E+0	-9.99822E-1	-5.80731E-4	-6.23442E-2
+4.91030E+0	-9.99989E-1	-1.19108E-3	-6.23597E-2
+4.92500E+0	-9.99956E-1	-1.64885E-3	-6.23707E-2
+4.93980E+0	-9.99722E-1	+2.96207E-5	-6.23770E-2
+4.95450E+0	-9.99290E-1	+2.96207E-5	-6.23862E-2
+4.96930E+0	-9.98655E-1	-1.99261E-4	-6.23921E-2
+4.98400E+0	-9.97825E-1	-3.51849E-4	-6.23989E-2
+4.99880E+0	-9.96790E-1	-3.51849E-4	-6.24041E-2
+5.01350E+0	-9.95562E-1	+1.82209E-4	-6.24063E-2
+5.02820E+0	-9.94137E-1	-2.75555E-4	-6.24099E-2
+5.04300E+0	-9.92503E-1	+2.01326E-3	-6.24108E-2
+5.05770E+0	-9.90682E-1	-1.26738E-3	-6.24114E-2
+5.07250E+0	-9.88650E-1	-4.66732E-5	-6.24098E-2
+5.08720E+0	-9.86434E-1	-1.64885E-3	-6.24069E-2
+5.10200E+0	-9.84006E-1	+2.96207E-5	-6.24070E-2
+5.11670E+0	-9.81398E-1	+1.55550E-3	-6.24016E-2
+5.13150E+0	-9.78575E-1	-2.75555E-4	-6.23988E-2
+5.14620E+0	-9.75576E-1	-3.93766E-3	-6.23943E-2
+5.16100E+0	-9.72361E-1	-4.28143E-4	-6.23918E-2
+5.17570E+0	-9.68974E-1	+4.45467E-3	-6.23815E-2
+5.19050E+0	-9.65369E-1	+1.82209E-4	-6.23762E-2
+5.20520E+0	-9.61597E-1	-1.41996E-3	-6.23667E-2
+5.21990E+0	-9.57633E-1	+1.70809E-3	-6.23572E-2
+5.23470E+0	-9.53451E-1	+1.25032E-3	-6.23443E-2
+5.24940E+0	-9.49106E-1	+1.09774E-3	-6.23317E-2
+5.26420E+0	-9.44542E-1	+1.86068E-3	-6.23166E-2
+5.27890E+0	-9.39820E-1	+2.01326E-3	-6.23017E-2
+5.29370E+0	-9.34878E-1	+1.63179E-3	-6.22858E-2
+5.30840E+0	-9.29782E-1	-5.04437E-4	-6.22679E-2
+5.32320E+0	-9.24465E-1	+2.96207E-5	-6.22513E-2
+5.33790E+0	-9.19000E-1	+4.87384E-4	-6.22313E-2
+5.35270E+0	-9.13314E-1	+2.01326E-3	-6.22117E-2
+5.36740E+0	-9.07484E-1	+7.16266E-4	-6.21908E-2
+5.38210E+0	-9.01473E-1	+1.55550E-3	-6.21677E-2
+5.39690E+0	-8.95241E-1	+1.17403E-3	-6.21444E-2
+5.41160E+0	-8.88873E-1	+2.47103E-3	-6.21192E-2
+5.42640E+0	-8.82283E-1	+1.17403E-3	-6.20910E-2
+5.44110E+0	-8.75561E-1	-1.22967E-4	-6.20629E-2
+5.45590E+0	-8.68618E-1	+2.62361E-3	-6.20320E-2
+5.47060E+0	-8.61549E-1	+5.63678E-4	-6.20009E-2
+5.48540E+0	-8.54259E-1	+4.45467E-3	-6.19651E-2
+5.50010E+0	-8.46848E-1	+2.85250E-3	-6.19314E-2
+5.51490E+0	-8.39217E-1	+1.70809E-3	-6.18944E-2
+5.52960E+0	-8.31470E-1	+3.15767E-3	-6.18543E-2
+5.54430E+0	-8.23557E-1	+1.55550E-3	-6.18135E-2
+5.55910E+0	-8.15426E-1	+4.60726E-3	-6.17714E-2
+5.57380E+0	-8.07187E-1	+3.46285E-3	-6.17278E-2
+5.58860E+0	-7.98730E-1	+3.15767E-3	-6.16803E-2
+5.60330E+0	-7.90171E-1	+1.40291E-3	-6.16323E-2
+5.61810E+0	-7.81396E-1	+3.23397E-3	-6.15810E-2
+5.63280E+0	-7.72524E-1	+5.06502E-3	-6.15294E-2
+5.64760E+0	-7.63436E-1	+6.13314E-3	-6.14745E-2
+5.66230E+0	-7.54258E-1	+4.98873E-3	-6.14178E-2
+5.67710E+0	-7.44866E-1	+3.46285E-3	-6.13595E-2
+5.69180E+0	-7.35389E-1	+3.99691E-3	-6.12977E-2
+5.70650E+0	-7.25766E-1	+3.38655E-3	-6.12336E-2
+5.72130E+0	-7.15932E-1	+2.62361E-3	-6.11689E-2
+5.73600E+0	-7.06021E-1	+5.29390E-3	-6.10963E-2
+5.75080E+0	-6.95902E-1	+5.75167E-3	-6.10246E-2
+5.76550E+0	-6.85712E-1	+4.22579E-3	-6.09503E-2
+5.78030E+0	-6.75315E-1	+5.06502E-3	-6.08712E-2
+5.79500E+0	-6.64854E-1	+6.05684E-3	-6.07903E-2
+5.80980E+0	-6.54189E-1	+5.44649E-3	-6.07053E-2
+5.82450E+0	-6.43465E-1	+4.75985E-3	-6.06161E-2
+5.83930E+0	-6.32539E-1	+5.82796E-3	-6.05215E-2
+5.85400E+0	-6.21560E-1	+7.20125E-3	-6.04257E-2
+5.86870E+0	-6.10459E-1	+8.26937E-3	-6.03252E-2
+5.88350E+0	-5.99159E-1	+6.59090E-3	-6.02203E-2
+5.89820E+0	-5.87816E-1	+6.81978E-3	-6.01088E-2
+5.91300E+0	-5.76278E-1	+5.52278E-3	-5.99942E-2
+5.92770E+0	-5.64704E-1	+7.50643E-3	-5.98761E-2
+5.94250E+0	-5.52937E-1	+9.33748E-3	-5.97510E-2
+5.95720E+0	-5.41139E-1	+8.57454E-3	-5.96205E-2
+5.97200E+0	-5.29153E-1	+9.64266E-3	-5.94834E-2
+5.98670E+0	-5.17142E-1	+9.64266E-3	-5.93404E-2
+6.00150E+0	-5.04946E-1	+1.08634E-2	-5.91886E-2
+6.01620E+0	-4.92731E-1	+1.05582E-2	-5.90309E-2
+6.03100E+0	-4.80335E-1	+9.64266E-3	-5.88669E-2
+6.04570E+0	-4.67926E-1	+1.16263E-2	-5.86991E-2
+6.06040E+0	-4.55425E-1	+1.31522E-2	-5.85211E-2
+6.07520E+0	-4.42747E-1	+1.33811E-2	-5.83308E-2
+6.08990E+0	-4.30067E-1	+1.23892E-2	-5.81340E-2
+6.10470E+0	-4.17214E-1	+1.43729E-2	-5.79283E-2
+6.11940E+0	-4.04365E-1	+1.55936E-2	-5.77116E-2
+6.13420E+0	-3.91347E-1	+1.78824E-2	-5.74789E-2
+6.14890E+0	-3.78339E-1	+1.91794E-2	-5.72399E-2
+6.16370E+0	-3.65167E-1	+2.09342E-2	-5.69858E-2
+6.17840E+0	-3.52011E-1	+1.83402E-2	-5.67238E-2
+6.19320E+0	-3.38695E-1	+1.71195E-2	-5.64410E-2
+6.20790E+0	-3.25401E-1	+1.62802E-2	-5.61533E-2
+6.22260E+0	-3.12043E-1	+2.28415E-2	-5.58428E-2
+6.23740E+0	-2.98531E-1	+2.58933E-2	-5.55102E-2
+6.25210E+0	-2.85051E-1	+2.39859E-2	-5.51608E-2
+6.26690E+0	-2.71422E-1	+2.47489E-2	-5.47916E-2
+6.28160E+0	-2.57831E-1	+2.68851E-2	-5.44039E-2
+6.29640E+0	-2.44096E-1	+3.24545E-2	-5.39820E-2
+6.31110E+0	-2.30405E-1	+3.35990E-2	-5.35337E-2
+6.32590E+0	-2.16575E-1	+3.35990E-2	-5.30520E-2
+6.34060E+0	-2.02795E-1	+3.32175E-2	-5.25493E-2
+6.35540E+0	-1.88880E-1	+3.99314E-2	-5.20012E-2
+6.37010E+0	-1.75022E-1	+4.08469E-2	-5.14196E-2
+6.38480E+0	-1.61129E-1	+4.26779E-2	-5.07904E-2
+6.39960E+0	-1.47110E-1	+4.77133E-2	-5.01046E-2
+6.41430E+0	-1.33156E-1	+5.71738E-2	-4.93606E-2
+6.42910E+0	-1.19080E-1	+6.07596E-2	-4.85248E-2
+6.44380E+0	-1.05075E-1	+6.20566E-2	-4.76261E-2
+6.45860E+0	-9.09542E-2	+7.09830E-2	-4.66180E-2
+6.47330E+0	-7.69106E-2	+8.04434E-2	-4.55183E-2
+6.48810E+0	-6.27561E-2	+8.46396E-2	-4.42910E-2
+6.50280E+0	-4.86846E-2	+9.81436E-2	-4.29376E-2
+6.51760E+0	-3.45077E-2	+1.09511E-1	-4.14422E-2
+6.53230E+0	-2.04197E-2	+1.13021E-1	-3.98192E-2
+6.54700E+0	-6.32763E-3	+1.21871E-1	-3.80559E-2
+6.56180E+0	+7.86157E-3	+1.35528E-1	-3.61219E-2
+6.57650E+0	+2.19533E-2	+1.46209E-1	-3.40568E-2
+6.59130E+0	+3.61366E-2	+1.57348E-1	-3.18072E-2
+6.60600E+0	+5.02167E-2	+1.75963E-1	-2.93775E-2
+6.62080E+0	+6.43826E-2	+1.84508E-1	-2.67596E-2
+6.63550E+0	+7.84400E-2	+1.92596E-1	-2.39776E-2
+6.65030E+0	+9.25772E-2	+2.10753E-1	-2.09943E-2
+6.66500E+0	+1.06600E-1	+2.17010E-1	-1.78772E-2
+6.67980E+0	+1.20698E-1	+2.18993E-1	-1.46424E-2
+6.69450E+0	+1.34676E-1	+2.28072E-1	-1.13396E-2
+6.70920E+0	+1.48627E-1	+2.33031E-1	-7.97358E-3
+6.72400E+0	+1.62643E-1	+2.26928E-1	-4.57379E-3
+6.73870E+0	+1.76532E-1	+2.30132E-1	-1.18429E-3
+6.75350E+0	+1.90481E-1	+2.31811E-1	+2.22635E-3
+6.76820E+0	+2.04297E-1	+2.25249E-1	+5.59127E-3
+6.78300E+0	+2.18166E-1	+2.21358E-1	+8.93131E-3
+6.79770E+0	+2.31898E-1	+2.22426E-1	+1.22055E-2
+6.81250E+0	+2.45676E-1	+2.19298E-1	+1.54498E-2
+6.82720E+0	+2.59313E-1	+2.09533E-1	+1.85888E-2
+6.84200E+0	+2.72990E-1	+2.01217E-1	+2.16652E-2
+6.85670E+0	+2.86521E-1	+1.98699E-1	+2.46331E-2
+6.87140E+0	+2.99995E-1	+1.92596E-1	+2.75054E-2
+6.88620E+0	+3.13500E-1	+1.84661E-1	+3.02852E-2
+6.90090E+0	+3.26851E-1	+1.75963E-1	+3.29377E-2
+6.91570E+0	+3.40228E-1	+1.69097E-1	+3.54980E-2
+6.93040E+0	+3.53446E-1	+1.63222E-1	+3.79329E-2
+6.94520E+0	+3.66684E-1	+1.57500E-1	+4.02703E-2
+6.95990E+0	+3.79759E-1	+1.47124E-1	+4.24775E-2
+6.97470E+0	+3.92846E-1	+1.38427E-1	+4.45852E-2
+6.98940E+0	+4.05767E-1	+1.29043E-1	+4.65539E-2
+7.00420E+0	+4.18695E-1	+1.20879E-1	+4.84178E-2
+7.01890E+0	+4.31451E-1	+1.11266E-1	+5.01493E-2
+7.03370E+0	+4.44208E-1	+1.04781E-1	+5.17784E-2
+7.04840E+0	+4.56790E-1	+9.89829E-2	+5.32802E-2
+7.06310E+0	+4.69282E-1	+9.17349E-2	+5.46752E-2
+7.07790E+0	+4.81764E-1	+8.54788E-2	+5.59687E-2
+7.09260E+0	+4.94066E-1	+7.68576E-2	+5.71528E-2
+7.10740E+0	+5.06352E-1	+7.02201E-2	+5.82429E-2
+7.12210E+0	+5.18454E-1	+6.26669E-2	+5.92343E-2
+7.13690E+0	+5.30535E-1	+5.99967E-2	+6.01455E-2
+7.15160E+0	+5.42429E-1	+5.48850E-2	+6.09712E-2
+7.16640E+0	+5.54294E-1	+4.82474E-2	+6.17279E-2
+7.18110E+0	+5.65969E-1	+4.34409E-2	+6.24138E-2
+7.19590E+0	+5.77610E-1	+4.12284E-2	+6.30449E-2
+7.21060E+0	+5.89057E-1	+3.71085E-2	+6.36170E-2
+7.22530E+0	+6.00386E-1	+3.32938E-2	+6.41368E-2
+7.24010E+0	+6.11673E-1	+3.02420E-2	+6.46191E-2
+7.25480E+0	+6.22761E-1	+3.03946E-2	+6.50537E-2
+7.26960E+0	+6.33800E-1	+2.68851E-2	+6.54558E-2
+7.28430E+0	+6.44638E-1	+2.28415E-2	+6.58259E-2
+7.29910E+0	+6.55420E-1	+2.39859E-2	+6.61718E-2
+7.31380E+0	+6.65999E-1	+2.00186E-2	+6.64896E-2
+7.32860E+0	+6.76516E-1	+1.94083E-2	+6.67865E-2
+7.34330E+0	+6.86828E-1	+1.80350E-2	+6.70616E-2
+7.35810E+0	+6.97071E-1	+1.67380E-2	+6.73164E-2
+7.37280E+0	+7.07107E-1	+1.68906E-2	+6.75550E-2
+7.38750E+0	+7.17002E-1	+1.55936E-2	+6.77802E-2
+7.40230E+0	+7.26820E-1	+1.37625E-2	+6.79909E-2
+7.41700E+0	+7.36428E-1	+1.34574E-2	+6.81891E-2
+7.43180E+0	+7.45952E-1	+1.26181E-2	+6.83770E-2
+7.44650E+0	+7.55264E-1	+1.29996E-2	+6.85521E-2
+7.46130E+0	+7.64488E-1	+1.20841E-2	+6.87218E-2
+7.47600E+0	+7.73497E-1	+1.07871E-2	+6.88806E-2
+7.49080E+0	+7.82412E-1	+9.10860E-3	+6.90340E-2
+7.50550E+0	+7.91111E-1	+9.18489E-3	+6.91714E-2
+7.52030E+0	+7.99710E-1	+9.26119E-3	+6.93072E-2
+7.53500E+0	+8.08092E-1	+1.02530E-2	+6.94358E-2
+7.54970E+0	+8.16313E-1	+9.64266E-3	+6.95546E-2
+7.56450E+0	+8.24427E-1	+6.89608E-3	+6.96716E-2
+7.57920E+0	+8.32321E-1	+7.35384E-3	+6.97829E-2
+7.59400E+0	+8.40102E-1	+8.26937E-3	+6.98857E-2
+7.60870E+0	+8.47663E-1	+6.51461E-3	+6.99864E-2
+7.62350E+0	+8.55105E-1	+7.43013E-3	+7.00849E-2
+7.63820E+0	+8.62327E-1	+6.43831E-3	+7.01751E-2
+7.65300E+0	+8.69425E-1	+5.82796E-3	+7.02646E-2
+7.66770E+0	+8.76301E-1	+4.22579E-3	+7.03464E-2
+7.68250E+0	+8.83049E-1	+4.98873E-3	+7.04282E-2
+7.69720E+0	+8.89574E-1	+6.81978E-3	+7.05024E-2
+7.71190E+0	+8.95924E-1	+3.08138E-3	+7.05753E-2
+7.72670E+0	+9.02136E-1	+3.23397E-3	+7.06435E-2
+7.74140E+0	+9.08127E-1	+4.30208E-3	+7.07086E-2
+7.75620E+0	+9.13976E-1	+3.69173E-3	+7.07716E-2
+7.77090E+0	+9.19604E-1	+4.68355E-3	+7.08328E-2
+7.78570E+0	+9.25086E-1	+4.30208E-3	+7.08892E-2
+7.80040E+0	+9.30346E-1	+4.22579E-3	+7.09473E-2
+7.81520E+0	+9.35455E-1	+4.53096E-3	+7.09964E-2
+7.82990E+0	+9.40343E-1	+3.38655E-3	+7.10460E-2
+7.84470E+0	+9.45076E-1	+4.07320E-3	+7.10910E-2
+7.85940E+0	+9.49588E-1	+2.24215E-3	+7.11338E-2
+7.87420E+0	+9.53941E-1	+2.01326E-3	+7.11770E-2
+7.88890E+0	+9.58074E-1	+1.63179E-3	+7.12148E-2
+7.90360E+0	+9.62017E-1	+3.99691E-3	+7.12520E-2
+7.91840E+0	+9.65793E-1	+3.99691E-3	+7.12872E-2
+7.93310E+0	+9.69352E-1	+2.96207E-5	+7.13190E-2
+7.94790E+0	+9.72740E-1	+4.30208E-3	+7.13532E-2
+7.96260E+0	+9.75912E-1	-1.26738E-3	+7.13835E-2
+7.97740E+0	+9.78909E-1	-8.85907E-4	+7.14117E-2
+7.99210E+0	+9.81691E-1	+5.06502E-3	+7.14342E-2
+8.00690E+0	+9.84295E-1	-7.33319E-4	+7.14564E-2
+8.02160E+0	+9.86685E-1	+1.32662E-3	+7.14753E-2
+8.03640E+0	+9.88893E-1	+9.45148E-4	+7.14955E-2
+8.05110E+0	+9.90890E-1	+1.86068E-3	+7.15165E-2
+8.06580E+0	+9.92689E-1	+1.09774E-3	+7.15278E-2
+8.08060E+0	+9.94302E-1	+8.68854E-4	+7.15428E-2
+8.09530E+0	+9.95706E-1	+1.25032E-3	+7.15538E-2
+8.11010E+0	+9.96919E-1	+2.96207E-5	+7.15648E-2
+8.12480E+0	+9.97925E-1	-1.11479E-3	+7.15692E-2
+8.13960E+0	+9.98738E-1	+3.34796E-4	+7.15749E-2
+8.15430E+0	+9.99347E-1	+2.96207E-5	+7.15787E-2
+8.16910E+0	+9.99759E-1	-1.22967E-4	+7.15785E-2
+8.18380E+0	+9.99969E-1	-1.22967E-4	+7.15826E-2
+8.19860E+0	+9.99980E-1	-1.19108E-3	+7.15822E-2
+8.21330E+0	+9.99791E-1	+4.11090E-4	+7.15759E-2
+8.22800E+0	+9.99404E-1	-1.03849E-3	+7.15732E-2
+8.24280E+0	+9.98814E-1	+2.96207E-5	+7.15659E-2
+8.25750E+0	+9.98029E-1	-2.79326E-3	+7.15601E-2
+8.27230E+0	+9.97038E-1	-5.80731E-4	+7.15545E-2
+8.28700E+0	+9.95855E-1	-8.85907E-4	+7.15444E-2
+8.30180E+0	+9.94464E-1	-1.64885E-3	+7.15365E-2
+8.31650E+0	+9.92885E-1	-3.78508E-3	+7.15252E-2
+8.33130E+0	+9.91095E-1	+9.45148E-4	+7.15126E-2
+8.34600E+0	+9.89120E-1	-1.64885E-3	+7.15024E-2
+8.36080E+0	+9.86933E-1	-7.33319E-4	+7.14897E-2
+8.37550E+0	+9.84564E-1	-2.75555E-4	+7.14748E-2
+8.39020E+0	+9.82000E-1	-1.34367E-3	+7.14575E-2
+8.40500E+0	+9.79221E-1	-2.41179E-3	+7.14436E-2
+8.41970E+0	+9.76266E-1	-8.85907E-4	+7.14284E-2
+8.43450E+0	+9.73095E-1	-1.03849E-3	+7.14100E-2
+8.44920E+0	+9.69751E-1	-5.53984E-3	+7.13881E-2
+8.46400E+0	+9.66190E-1	+1.09774E-3	+7.13709E-2
+8.47870E+0	+9.62460E-1	+6.39972E-4	+7.13483E-2
+8.49350E+0	+9.58512E-1	-1.03849E-3	+7.13258E-2
+8.50820E+0	+9.54400E-1	-2.41179E-3	+7.13033E-2
+8.52300E+0	+9.50068E-1	-1.11479E-3	+7.12782E-2
+8.53770E+0	+9.45576E-1	+1.05915E-4	+7.12526E-2
+8.55240E+0	+9.40896E-1	-1.99261E-4	+7.12266E-2
+8.56720E+0	+9.35996E-1	-2.25920E-3	+7.11979E-2
+8.58190E+0	+9.30942E-1	-2.56437E-3	+7.11680E-2
+8.59670E+0	+9.25667E-1	-2.25920E-3	+7.11381E-2
+8.61140E+0	+9.20243E-1	-3.86137E-3	+7.11054E-2
+8.62620E+0	+9.14598E-1	-2.71696E-3	+7.10729E-2
+8.64090E+0	+9.08808E-1	-1.19108E-3	+7.10387E-2
+8.65570E+0	+9.02797E-1	-1.80143E-3	+7.10042E-2
+8.67040E+0	+8.96646E-1	-1.80143E-3	+7.09676E-2
+8.68520E+0	+8.90274E-1	-2.25920E-3	+7.09296E-2
+8.69990E+0	+8.83767E-1	-2.56437E-3	+7.08892E-2
+8.71460E+0	+8.77085E-1	-4.24284E-3	+7.08469E-2
+8.72940E+0	+8.70181E-1	-8.85907E-4	+7.08037E-2
+8.74410E+0	+8.63151E-1	-2.41179E-3	+7.07583E-2
+8.75890E+0	+8.55900E-1	-4.85319E-3	+7.07140E-2
+8.77360E+0	+8.48526E-1	-2.56437E-3	+7.06666E-2
+8.78840E+0	+8.40933E-1	-4.24284E-3	+7.06176E-2
+8.80310E+0	+8.33223E-1	-3.86137E-3	+7.05664E-2
+8.81790E+0	+8.25294E-1	-4.09025E-3	+7.05146E-2
+8.83260E+0	+8.17253E-1	-4.31913E-3	+7.04606E-2
+8.84740E+0	+8.08994E-1	-4.09025E-3	+7.04036E-2
+8.86210E+0	+8.00630E-1	-4.09025E-3	+7.03444E-2
+8.87690E+0	+7.92048E-1	-5.69243E-3	+7.02833E-2
+8.89160E+0	+7.83366E-1	-3.55619E-3	+7.02217E-2
+8.90630E+0	+7.74529E-1	-4.09025E-3	+7.01581E-2
+8.92110E+0	+7.65476E-1	-4.92949E-3	+7.00900E-2
+8.93580E+0	+7.56331E-1	-2.10661E-3	+7.00241E-2
+8.95060E+0	+7.46973E-1	-3.40361E-3	+6.99504E-2
+8.96530E+0	+7.37529E-1	-5.31096E-3	+6.98779E-2
+8.98010E+0	+7.27873E-1	-6.15019E-3	+6.98014E-2
+8.99480E+0	+7.18137E-1	-6.53166E-3	+6.97201E-2
+9.00960E+0	+7.08191E-1	-6.07389E-3	+6.96388E-2
+9.02430E+0	+6.98170E-1	-5.23466E-3	+6.95545E-2
+9.03910E+0	+6.87942E-1	-7.59977E-3	+6.94680E-2
+9.05380E+0	+6.77645E-1	-6.91313E-3	+6.93763E-2
+9.06850E+0	+6.67214E-1	-3.78508E-3	+6.92803E-2
+9.08330E+0	+6.56578E-1	-6.76054E-3	+6.91799E-2
+9.09800E+0	+6.45883E-1	-7.06572E-3	+6.90803E-2
+9.11280E+0	+6.34986E-1	-7.59977E-3	+6.89752E-2
+9.12750E+0	+6.24036E-1	-6.83683E-3	+6.88653E-2
+9.14230E+0	+6.12886E-1	-6.68425E-3	+6.87503E-2
+9.15700E+0	+6.01689E-1	-1.01938E-2	+6.86328E-2
+9.17180E+0	+5.90295E-1	-8.66789E-3	+6.85117E-2
+9.18650E+0	+5.78861E-1	-8.05754E-3	+6.83848E-2
+9.20130E+0	+5.67233E-1	-1.06515E-2	+6.82521E-2
+9.21600E+0	+5.55570E-1	-9.04936E-3	+6.81152E-2
+9.23070E+0	+5.43797E-1	-9.81230E-3	+6.79738E-2
+9.24550E+0	+5.31835E-1	-1.12619E-2	+6.78243E-2
+9.26020E+0	+5.19847E-1	-1.00412E-2	+6.76697E-2
+9.27500E+0	+5.07674E-1	-9.88859E-3	+6.75079E-2
+9.28970E+0	+4.95482E-1	-9.88859E-3	+6.73418E-2
+9.30450E+0	+4.83107E-1	-1.30929E-2	+6.71671E-2
+9.31920E+0	+4.70720E-1	-1.11093E-2	+6.69835E-2
+9.33400E+0	+4.58154E-1	-1.30166E-2	+6.67926E-2
+9.34870E+0	+4.45582E-1	-1.49240E-2	+6.65942E-2
+9.36350E+0	+4.32835E-1	-1.37796E-2	+6.63837E-2
+9.37820E+0	+4.20087E-1	-1.49240E-2	+6.61667E-2
+9.39290E+0	+4.07256E-1	-1.59921E-2	+6.59387E-2
+9.40770E+0	+3.94256E-1	-1.66025E-2	+6.57009E-2
+9.42240E+0	+3.81266E-1	-1.85861E-2	+6.54504E-2
+9.43720E+0	+3.68110E-1	-1.79758E-2	+6.51863E-2
+9.45190E+0	+3.54970E-1	-1.70602E-2	+6.49101E-2
+9.46670E+0	+3.41670E-1	-1.91965E-2	+6.46225E-2
+9.48140E+0	+3.28391E-1	-2.33926E-2	+6.43117E-2
+9.49620E+0	+3.14956E-1	-2.62918E-2	+6.39849E-2
+9.51090E+0	+3.01549E-1	-2.28586E-2	+6.36454E-2
+9.52570E+0	+2.87990E-1	-2.31637E-2	+6.32893E-2
+9.54040E+0	+2.74466E-1	-2.76651E-2	+6.29103E-2
+9.55510E+0	+2.60887E-1	-3.01065E-2	+6.25051E-2
+9.56990E+0	+2.47163E-1	-3.03354E-2	+6.20740E-2
+9.58460E+0	+2.33483E-1	-2.87332E-2	+6.16167E-2
+9.59940E+0	+2.19662E-1	-3.24716E-2	+6.11366E-2
+9.61410E+0	+2.05892E-1	-3.82699E-2	+6.06191E-2
+9.62890E+0	+1.91986E-1	-4.13217E-2	+6.00629E-2
+9.64360E+0	+1.78136E-1	-4.00247E-2	+5.94680E-2
+9.65840E+0	+1.64157E-1	-4.39157E-2	+5.88281E-2
+9.67310E+0	+1.50238E-1	-5.04770E-2	+5.81374E-2
+9.68790E+0	+1.36196E-1	-5.23843E-2	+5.73719E-2
+9.70260E+0	+1.22220E-1	-5.55124E-2	+5.65537E-2
+9.71740E+0	+1.08126E-1	-6.60409E-2	+5.56405E-2
+9.73210E+0	+9.41045E-2	-7.62643E-2	+5.46417E-2
+9.74680E+0	+8.00647E-2	-7.75613E-2	+5.35252E-2
+9.76160E+0	+6.59134E-2	-8.38937E-2	+5.22977E-2
+9.77630E+0	+5.18445E-2	-9.62533E-2	+5.09598E-2
+9.79110E+0	+3.76695E-2	-1.03196E-1	+4.94814E-2
+9.80580E+0	+2.35828E-2	-1.10749E-1	+4.78897E-2
+9.82060E+0	+9.39549E-3	-1.25092E-1	+4.61328E-2
+9.83530E+0	-4.69780E-3	-1.30891E-1	+4.42514E-2
+9.85010E+0	-1.88860E-2	-1.42945E-1	+4.21908E-2
+9.86480E+0	-3.29746E-2	-1.58280E-1	+3.99744E-2
+9.87960E+0	-4.71524E-2	-1.65605E-1	+3.75759E-2
+9.89430E+0	-6.12250E-2	-1.78269E-1	+3.50212E-2
+9.90900E+0	-7.52855E-2	-1.93910E-1	+3.22920E-2
+9.92380E+0	-8.94265E-2	-2.04362E-1	+2.93655E-2
+9.93850E+0	-1.03454E-1	-2.07490E-1	+2.63463E-2
+9.95330E+0	-1.17556E-1	-2.16721E-1	+2.31891E-2
+9.96800E+0	-1.31540E-1	-2.23817E-1	+1.99710E-2
+9.98280E+0	-1.45592E-1	-2.19163E-1	+1.66991E-2
+9.99750E+0	-1.59521E-1	-2.22596E-1	+1.34194E-2
+1.00123E+1	-1.73512E-1	-2.27479E-1	+1.01097E-2
+1.00270E+1	-1.87374E-1	-2.19850E-1	+6.83247E-3
+1.00418E+1	-2.01292E-1	-2.16187E-1	+3.56860E-3
+1.00565E+1	-2.15077E-1	-2.19544E-1	+3.48389E-4
+1.00712E+1	-2.28819E-1	-2.15119E-1	-2.82793E-3
+1.00860E+1	-2.42608E-1	-2.07490E-1	-5.95890E-3
+1.01007E+1	-2.56256E-1	-2.04133E-1	-8.99999E-3
+1.01155E+1	-2.69945E-1	-2.00395E-1	-1.19817E-2
+1.01302E+1	-2.83488E-1	-1.93452E-1	-1.48588E-2
+1.01450E+1	-2.97066E-1	-1.84678E-1	-1.76508E-2
+1.01597E+1	-3.10494E-1	-1.77201E-1	-2.03264E-2
+1.01745E+1	-3.23950E-1	-1.71250E-1	-2.29169E-2
+1.01892E+1	-3.37251E-1	-1.65681E-1	-2.53842E-2
+1.02040E+1	-3.50575E-1	-1.57060E-1	-2.77612E-2
+1.02187E+1	-3.63738E-1	-1.49049E-1	-3.00117E-2
+1.02334E+1	-3.76830E-1	-1.41267E-1	-3.21521E-2
+1.02482E+1	-3.89935E-1	-1.32646E-1	-3.41919E-2
+1.02629E+1	-4.02873E-1	-1.26542E-1	-3.61133E-2
+1.02777E+1	-4.15819E-1	-1.19523E-1	-3.79362E-2
+1.02924E+1	-4.28595E-1	-1.12885E-1	-3.96370E-2
+1.03072E+1	-4.41371E-1	-1.07545E-1	-4.12345E-2
+1.03219E+1	-4.53973E-1	-9.77792E-2	-4.27165E-2
+1.03367E+1	-4.66570E-1	-9.16757E-2	-4.40997E-2
+1.03514E+1	-4.78989E-1	-8.24441E-2	-4.53688E-2
+1.03662E+1	-4.91396E-1	-7.67221E-2	-4.65435E-2
+1.03809E+1	-5.03621E-1	-7.09237E-2	-4.76206E-2
+1.03956E+1	-5.15746E-1	-6.48202E-2	-4.86088E-2
+1.04104E+1	-5.27851E-1	-5.90219E-2	-4.95182E-2
+1.04251E+1	-5.39768E-1	-5.42917E-2	-5.03433E-2
+1.04399E+1	-5.51658E-1	-5.04770E-2	-5.11028E-2
+1.04546E+1	-5.63358E-1	-4.55942E-2	-5.17889E-2
+1.04694E+1	-5.75024E-1	-4.05588E-2	-5.24211E-2
+1.04841E+1	-5.86497E-1	-3.96432E-2	-5.29920E-2
+1.04989E+1	-5.97930E-1	-3.44552E-2	-5.35240E-2
+1.05136E+1	-6.09167E-1	-2.97250E-2	-5.40084E-2
+1.05284E+1	-6.20358E-1	-2.80466E-2	-5.44600E-2
+1.05431E+1	-6.31350E-1	-2.63681E-2	-5.48684E-2
+1.05578E+1	-6.42216E-1	-2.30874E-2	-5.52481E-2
+1.05726E+1	-6.53028E-1	-2.35452E-2	-5.56030E-2
+1.05873E+1	-6.63636E-1	-2.07223E-2	-5.59282E-2
+1.06021E+1	-6.74183E-1	-2.01120E-2	-5.62349E-2
+1.06168E+1	-6.84525E-1	-1.85098E-2	-5.65157E-2
+1.06316E+1	-6.94799E-1	-1.74417E-2	-5.67852E-2
+1.06463E+1	-7.04866E-1	-1.67550E-2	-5.70365E-2
+1.06611E+1	-7.14860E-1	-1.36270E-2	-5.72734E-2
+1.06758E+1	-7.24644E-1	-1.37033E-2	-5.74934E-2
+1.06906E+1	-7.34349E-1	-1.64499E-2	-5.77057E-2
+1.07053E+1	-7.43842E-1	-1.35507E-2	-5.79034E-2
+1.07201E+1	-7.53250E-1	-1.48477E-2	-5.80944E-2
+1.07348E+1	-7.62444E-1	-1.26352E-2	-5.82729E-2
+1.07495E+1	-7.71488E-1	-1.03464E-2	-5.84415E-2
+1.07643E+1	-7.80438E-1	-1.21011E-2	-5.86008E-2
+1.07790E+1	-7.89172E-1	-1.04989E-2	-5.87574E-2
+1.07938E+1	-7.97806E-1	-9.50712E-3	-5.89047E-2
+1.08085E+1	-8.06224E-1	-8.97306E-3	-5.90434E-2
+1.08233E+1	-8.14537E-1	-7.44719E-3	-5.91801E-2
+1.08380E+1	-8.22632E-1	-8.66789E-3	-5.93087E-2
+1.08528E+1	-8.30616E-1	-6.37907E-3	-5.94300E-2
+1.08675E+1	-8.38382E-1	-8.05754E-3	-5.95521E-2
+1.08823E+1	-8.46031E-1	-6.30278E-3	-5.96655E-2
+1.08970E+1	-8.53461E-1	-8.36271E-3	-5.97718E-2
+1.09117E+1	-8.60721E-1	-7.06572E-3	-5.98767E-2
+1.09265E+1	-8.67857E-1	-6.76054E-3	-5.99764E-2
+1.09412E+1	-8.74773E-1	-5.53984E-3	-6.00704E-2
+1.09560E+1	-8.81559E-1	-5.84501E-3	-6.01622E-2
+1.09707E+1	-8.88125E-1	-8.13383E-3	-6.02521E-2
+1.09855E+1	-8.94557E-1	-5.15837E-3	-6.03403E-2
+1.10002E+1	-9.00767E-1	-3.55619E-3	-6.04208E-2
+1.10150E+1	-9.06838E-1	-5.00578E-3	-6.05004E-2
+1.10297E+1	-9.12688E-1	-5.84501E-3	-6.05769E-2
+1.10445E+1	-9.18395E-1	-6.07389E-3	-6.06487E-2
+1.10592E+1	-9.23880E-1	-3.17472E-3	-6.07191E-2
+1.10739E+1	-9.29181E-1	-5.69243E-3	-6.07854E-2
+1.10887E+1	-9.34332E-1	-3.32731E-3	-6.08500E-2
+1.11034E+1	-9.39262E-1	-5.69243E-3	-6.09114E-2
+1.11182E+1	-9.44037E-1	-3.02214E-3	-6.09715E-2
+1.11329E+1	-9.48592E-1	-4.47172E-3	-6.10286E-2
+1.11477E+1	-9.52987E-1	-5.84501E-3	-6.10827E-2
+1.11624E+1	-9.57163E-1	-1.03849E-3	-6.11343E-2
+1.11772E+1	-9.61175E-1	-4.92949E-3	-6.11856E-2
+1.11919E+1	-9.64968E-1	-5.23466E-3	-6.12322E-2
+1.12067E+1	-9.68594E-1	-9.62201E-4	-6.12769E-2
+1.12214E+1	-9.72002E-1	-6.07389E-3	-6.13229E-2
+1.12361E+1	-9.75217E-1	+2.58503E-4	-6.13631E-2
+1.12509E+1	-9.78258E-1	+1.55550E-3	-6.14022E-2
+1.12656E+1	-9.81083E-1	-3.02214E-3	-6.14418E-2
+1.12804E+1	-9.83731E-1	-3.02214E-3	-6.14732E-2
+1.12951E+1	-9.86165E-1	-2.10661E-3	-6.15078E-2
+1.13099E+1	-9.88418E-1	-2.41179E-3	-6.15376E-2
+1.13246E+1	-9.90459E-1	-1.57255E-3	-6.15669E-2
+1.13394E+1	-9.92314E-1	-2.94584E-3	-6.15952E-2
+1.13541E+1	-9.93960E-1	-2.25920E-3	-6.16228E-2
+1.13689E+1	-9.95417E-1	-1.19108E-3	-6.16457E-2
+1.13836E+1	-9.96666E-1	-1.41996E-3	-6.16646E-2
+1.13983E+1	-9.97717E-1	+1.02144E-3	-6.16858E-2
+1.14131E+1	-9.98574E-1	-2.33549E-3	-6.17025E-2
+1.14278E+1	-9.99228E-1	-1.41996E-3	-6.17183E-2
+1.14426E+1	-9.99685E-1	-8.85907E-4	-6.17309E-2
+1.14573E+1	-9.99939E-1	-8.85907E-4	-6.17459E-2
+1.14721E+1	-9.99995E-1	+4.87384E-4	-6.17564E-2
+1.14868E+1	-9.99851E-1	-1.11479E-3	-6.17663E-2
+1.15016E+1	-9.99506E-1	-5.80731E-4	-6.17747E-2
+1.15163E+1	-9.98963E-1	-1.41996E-3	-6.17797E-2
+1.15311E+1	-9.98217E-1	-1.22967E-4	-6.17860E-2
+1.15458E+1	-9.97276E-1	-4.28143E-4	-6.17917E-2
+1.15606E+1	-9.96129E-1	+9.45148E-4	-6.17965E-2
+1.15753E+1	-9.94792E-1	-1.22967E-4	-6.17972E-2
+1.15900E+1	-9.93256E-1	+1.63179E-3	-6.17997E-2
+1.16048E+1	-9.91511E-1	-5.80731E-4	-6.18020E-2
+1.16195E+1	-9.89581E-1	-2.71696E-3	-6.17997E-2
+1.16343E+1	-9.87438E-1	+1.09774E-3	-6.17995E-2
+1.16490E+1	-9.85113E-1	+9.45148E-4	-6.17979E-2
+1.16638E+1	-9.82575E-1	-1.34367E-3	-6.17959E-2
+1.16785E+1	-9.79858E-1	+1.32662E-3	-6.17924E-2
+1.16933E+1	-9.76926E-1	+6.39972E-4	-6.17898E-2
+1.17080E+1	-9.73819E-1	+1.63179E-3	-6.17840E-2
+1.17228E+1	-9.70495E-1	+4.07320E-3	-6.17738E-2
+1.17375E+1	-9.67001E-1	-1.72514E-3	-6.17688E-2
+1.17522E+1	-9.63314E-1	-7.33319E-4	-6.17585E-2
+1.17670E+1	-9.59409E-1	-1.41996E-3	-6.17513E-2
+1.17817E+1	-9.55340E-1	+1.55550E-3	-6.17417E-2
+1.17965E+1	-9.51051E-1	-1.99261E-4	-6.17289E-2
+1.18112E+1	-9.46601E-1	+6.39972E-4	-6.17165E-2
+1.18260E+1	-9.41931E-1	+2.96207E-5	-6.17017E-2
+1.18407E+1	-9.37105E-1	-4.66732E-5	-6.16874E-2
+1.18555E+1	-9.32058E-1	+1.32662E-3	-6.16705E-2
+1.18702E+1	-9.26859E-1	+1.63179E-3	-6.16510E-2
+1.18850E+1	-9.21440E-1	+2.31844E-3	-6.16335E-2
+1.18997E+1	-9.15873E-1	-7.33319E-4	-6.16133E-2
+1.19144E+1	-9.10124E-1	+2.54732E-3	-6.15924E-2
+1.19292E+1	-9.04153E-1	+3.00508E-3	-6.15707E-2
+1.19439E+1	-8.98043E-1	+3.69173E-3	-6.15468E-2
+1.19587E+1	-8.91711E-1	+3.08138E-3	-6.15217E-2
+1.19734E+1	-8.85243E-1	+1.55550E-3	-6.14943E-2
+1.19882E+1	-8.78555E-1	+1.70809E-3	-6.14659E-2
+1.20029E+1	-8.71736E-1	+1.93697E-3	-6.14367E-2
+1.20177E+1	-8.64696E-1	+1.25032E-3	-6.14065E-2
+1.20324E+1	-8.57531E-1	+1.86068E-3	-6.13737E-2
+1.20472E+1	-8.50146E-1	+2.08956E-3	-6.13391E-2
+1.20619E+1	-8.42641E-1	+1.40291E-3	-6.13036E-2
+1.20766E+1	-8.34968E-1	+1.40291E-3	-6.12661E-2
+1.20914E+1	-8.27076E-1	+2.77620E-3	-6.12241E-2
+1.21061E+1	-8.19073E-1	+3.08138E-3	-6.11845E-2
+1.21209E+1	-8.10850E-1	+3.23397E-3	-6.11413E-2
+1.21356E+1	-8.02522E-1	+2.62361E-3	-6.10949E-2
+1.21504E+1	-7.93975E-1	+3.15767E-3	-6.10491E-2
+1.21651E+1	-7.85329E-1	+2.77620E-3	-6.09990E-2
+1.21799E+1	-7.76466E-1	+3.23397E-3	-6.09477E-2
+1.21946E+1	-7.67508E-1	+2.92879E-3	-6.08944E-2
+1.22094E+1	-7.58335E-1	+4.91243E-3	-6.08419E-2
+1.22241E+1	-7.49073E-1	+4.45467E-3	-6.07838E-2
+1.22388E+1	-7.39662E-1	+5.29390E-3	-6.07246E-2
+1.22536E+1	-7.30039E-1	+6.74349E-3	-6.06599E-2
+1.22683E+1	-7.20335E-1	+3.76802E-3	-6.05950E-2
+1.22831E+1	-7.10421E-1	+2.92879E-3	-6.05261E-2
+1.22978E+1	-7.00432E-1	+5.52278E-3	-6.04544E-2
+1.23126E+1	-6.90235E-1	+6.51461E-3	-6.03795E-2
+1.23273E+1	-6.79969E-1	+2.92879E-3	-6.03026E-2
+1.23421E+1	-6.69496E-1	+4.91243E-3	-6.02213E-2
+1.23568E+1	-6.58961E-1	+6.28572E-3	-6.01391E-2
+1.23716E+1	-6.48222E-1	+5.52278E-3	-6.00524E-2
+1.23863E+1	-6.37427E-1	+3.84432E-3	-5.99613E-2
+1.24010E+1	-6.26505E-1	+7.35384E-3	-5.98675E-2
+1.24158E+1	-6.15383E-1	+5.67537E-3	-5.97680E-2
+1.24305E+1	-6.04213E-1	+8.11678E-3	-5.96643E-2
+1.24453E+1	-5.92846E-1	+8.57454E-3	-5.95565E-2
+1.24600E+1	-5.81438E-1	+5.52278E-3	-5.94432E-2
+1.24748E+1	-5.69836E-1	+8.04048E-3	-5.93259E-2
+1.24895E+1	-5.58198E-1	+7.20125E-3	-5.92047E-2
+1.25043E+1	-5.46369E-1	+9.64266E-3	-5.90771E-2
+1.25190E+1	-5.34512E-1	+8.95601E-3	-5.89422E-2
+1.25338E+1	-5.22466E-1	+9.49007E-3	-5.88024E-2
+1.25485E+1	-5.10397E-1	+7.88790E-3	-5.86550E-2
+1.25633E+1	-4.98145E-1	+1.14737E-2	-5.85004E-2
+1.25780E+1	-4.85875E-1	+9.41378E-3	-5.83394E-2
+1.25927E+1	-4.73509E-1	+1.13211E-2	-5.81758E-2
+1.26075E+1	-4.60964E-1	+1.01767E-2	-5.80003E-2
+1.26222E+1	-4.48412E-1	+1.17789E-2	-5.78183E-2
+1.26370E+1	-4.35684E-1	+1.20841E-2	-5.76237E-2
+1.26517E+1	-4.22956E-1	+1.29996E-2	-5.74246E-2
+1.26665E+1	-4.10056E-1	+1.41440E-2	-5.72103E-2
+1.26812E+1	-3.97162E-1	+1.74246E-2	-5.69856E-2
+1.26960E+1	-3.84100E-1	+1.66617E-2	-5.67482E-2
+1.27107E+1	-3.71050E-1	+1.52884E-2	-5.65054E-2
+1.27255E+1	-3.57837E-1	+1.83402E-2	-5.62441E-2
+1.27402E+1	-3.44641E-1	+1.77298E-2	-5.59712E-2
+1.27549E+1	-3.31378E-1	+1.68906E-2	-5.56878E-2
+1.27697E+1	-3.17957E-1	+2.40622E-2	-5.53828E-2
+1.27844E+1	-3.04564E-1	+2.50540E-2	-5.50587E-2
+1.27992E+1	-2.91019E-1	+2.31467E-2	-5.47115E-2
+1.28139E+1	-2.77507E-1	+2.26126E-2	-5.43592E-2
+1.28287E+1	-2.63847E-1	+2.47489E-2	-5.39792E-2
+1.28434E+1	-2.50227E-1	+3.12338E-2	-5.35760E-2
+1.28582E+1	-2.36465E-1	+3.14627E-2	-5.31352E-2
+1.28729E+1	-2.22748E-1	+3.16153E-2	-5.26755E-2
+1.28877E+1	-2.08893E-1	+3.19205E-2	-5.21821E-2
+1.29024E+1	-1.95090E-1	+4.10758E-2	-5.16493E-2
+1.29171E+1	-1.81249E-1	+4.18387E-2	-5.10843E-2
+1.29319E+1	-1.67277E-1	+4.00839E-2	-5.04678E-2
+1.29466E+1	-1.53366E-1	+4.28305E-2	-4.98206E-2
+1.29614E+1	-1.39329E-1	+5.20621E-2	-4.90951E-2
+1.29761E+1	-1.25360E-1	+5.78604E-2	-4.83148E-2
+1.29909E+1	-1.11270E-1	+5.93100E-2	-4.74444E-2
+1.30056E+1	-9.72538E-2	+7.10593E-2	-4.64811E-2
+1.30204E+1	-8.31224E-2	+7.89176E-2	-4.54200E-2
+1.30351E+1	-6.90700E-2	+8.01383E-2	-4.42480E-2
+1.30499E+1	-5.49081E-2	+9.13535E-2	-4.29550E-2
+1.30646E+1	-4.08309E-2	+1.01195E-1	-4.15322E-2
+1.30793E+1	-2.67456E-2	+1.09740E-1	-3.99759E-2
+1.30941E+1	-1.25591E-2	+1.19124E-1	-3.82625E-2
+1.31088E+1	+1.53398E-3	+1.37664E-1	-3.63875E-2
+1.31236E+1	+1.57227E-2	+1.40258E-1	-3.43902E-2
+1.31383E+1	+2.98123E-2	+1.50329E-1	-3.22274E-2
+1.31531E+1	+4.39919E-2	+1.65435E-1	-2.98736E-2
+1.31678E+1	+5.80668E-2	+1.78100E-1	-2.73475E-2
+1.31826E+1	+7.22259E-2	+1.87560E-1	-2.46304E-2
+1.31973E+1	+8.62749E-2	+2.05794E-1	-2.17391E-2
+1.32121E+1	+1.00402E-1	+2.14339E-1	-1.86520E-2
+1.32268E+1	+1.14414E-1	+2.15713E-1	-1.54840E-2
+1.32415E+1	+1.28403E-1	+2.25402E-1	-1.22155E-2
+1.32563E+1	+1.42461E-1	+2.28911E-1	-8.85567E-3
+1.32710E+1	+1.56397E-1	+2.27691E-1	-5.47482E-3
+1.32858E+1	+1.70395E-1	+2.31658E-1	-2.06718E-3
+1.33005E+1	+1.84265E-1	+2.32955E-1	+1.33133E-3
+1.33153E+1	+1.98192E-1	+2.28225E-1	+4.73826E-3
+1.33300E+1	+2.11986E-1	+2.22350E-1	+8.07298E-3
+1.33448E+1	+2.25831E-1	+2.24792E-1	+1.13935E-2
+1.33595E+1	+2.39538E-1	+2.19832E-1	+1.46379E-2
+1.33743E+1	+2.53289E-1	+2.12737E-1	+1.78363E-2
+1.33890E+1	+2.66898E-1	+2.05871E-1	+2.09276E-2
+1.34038E+1	+2.80545E-1	+2.03277E-1	+2.39581E-2
+1.34185E+1	+2.94044E-1	+1.96715E-1	+2.68754E-2
+1.34332E+1	+3.07485E-1	+1.87484E-1	+2.96830E-2
+1.34480E+1	+3.20955E-1	+1.76421E-1	+3.24000E-2
+1.34627E+1	+3.34271E-1	+1.71462E-1	+3.49876E-2
+1.34775E+1	+3.47610E-1	+1.67647E-1	+3.74865E-2
+1.34922E+1	+3.60789E-1	+1.57882E-1	+3.98544E-2
+1.35070E+1	+3.73986E-1	+1.47430E-1	+4.21254E-2
+1.35217E+1	+3.87019E-1	+1.40487E-1	+4.42651E-2
+1.35365E+1	+4.00064E-1	+1.32934E-1	+4.63017E-2
+1.35512E+1	+4.12940E-1	+1.26144E-1	+4.82020E-2
+1.35660E+1	+4.25821E-1	+1.17522E-1	+4.99973E-2
+1.35807E+1	+4.38530E-1	+1.09435E-1	+5.16657E-2
+1.35954E+1	+4.51152E-1	+1.02874E-1	+5.32188E-2
+1.36102E+1	+4.63770E-1	+9.58548E-2	+5.46704E-2
+1.36249E+1	+4.76209E-1	+8.88358E-2	+5.60032E-2
+1.36397E+1	+4.88638E-1	+8.09775E-2	+5.72401E-2
+1.36544E+1	+5.00885E-1	+7.51029E-2	+5.83668E-2
+1.36692E+1	+5.13116E-1	+6.75498E-2	+5.94050E-2
+1.36839E+1	+5.25161E-1	+6.32010E-2	+6.03482E-2
+1.36987E+1	+5.37183E-1	+5.64108E-2	+6.12154E-2
+1.37134E+1	+5.49016E-1	+5.22147E-2	+6.19967E-2
+1.37282E+1	+5.60820E-1	+4.82474E-2	+6.27166E-2
+1.37429E+1	+5.72433E-1	+4.17624E-2	+6.33664E-2
+1.37576E+1	+5.83931E-1	+3.87869E-2	+6.39638E-2
+1.37724E+1	+5.95391E-1	+3.39041E-2	+6.45109E-2
+1.37871E+1	+6.06655E-1	+3.35990E-2	+6.50056E-2
+1.38019E+1	+6.17873E-1	+2.88687E-2	+6.54629E-2
+1.38166E+1	+6.28893E-1	+2.83347E-2	+6.58795E-2
+1.38314E+1	+6.39862E-1	+2.50540E-2	+6.62670E-2
+1.38461E+1	+6.50628E-1	+2.32993E-2	+6.66207E-2
+1.38609E+1	+6.61338E-1	+2.09342E-2	+6.69522E-2
+1.38756E+1	+6.71843E-1	+2.03238E-2	+6.72553E-2
+1.38904E+1	+6.82285E-1	+2.01712E-2	+6.75396E-2
+1.39051E+1	+6.92520E-1	+1.64328E-2	+6.78055E-2
+1.39198E+1	+7.02618E-1	+1.45255E-2	+6.80507E-2
+1.39346E+1	+7.12644E-1	+1.48306E-2	+6.82832E-2
+1.39493E+1	+7.22460E-1	+1.40677E-2	+6.85013E-2
+1.39641E+1	+7.32197E-1	+1.39151E-2	+6.87073E-2
+1.39788E+1	+7.41723E-1	+1.22367E-2	+6.88976E-2
+1.39936E+1	+7.51165E-1	+1.13211E-2	+6.90790E-2
+1.40083E+1	+7.60394E-1	+9.94783E-3	+6.92502E-2
+1.40231E+1	+7.69532E-1	+1.17789E-2	+6.94146E-2
+1.40378E+1	+7.78456E-1	+8.34566E-3	+6.95684E-2
+1.40526E+1	+7.87284E-1	+8.95601E-3	+6.97156E-2
+1.40673E+1	+7.95895E-1	+9.33748E-3	+6.98518E-2
+1.40820E+1	+8.04348E-1	+9.03231E-3	+6.99810E-2
+1.40968E+1	+8.12698E-1	+8.87972E-3	+7.01061E-2
+1.41115E+1	+8.20829E-1	+6.97237E-3	+7.02257E-2
+1.41263E+1	+8.28850E-1	+7.35384E-3	+7.03380E-2
+1.41410E+1	+8.36653E-1	+6.97237E-3	+7.04453E-2
+1.41558E+1	+8.44340E-1	+6.97237E-3	+7.05480E-2
+1.41705E+1	+8.51808E-1	+4.60726E-3	+7.06438E-2
+1.41853E+1	+8.59155E-1	+5.75167E-3	+7.07385E-2
+1.42000E+1	+8.66281E-1	+5.82796E-3	+7.08265E-2
+1.42148E+1	+8.73282E-1	+5.67537E-3	+7.09119E-2
+1.42295E+1	+8.80061E-1	+4.14949E-3	+7.09942E-2
+1.42442E+1	+8.86666E-1	+5.82796E-3	+7.10692E-2
+1.42590E+1	+8.93138E-1	+4.53096E-3	+7.11430E-2
+1.42737E+1	+8.99388E-1	+5.90425E-3	+7.12113E-2
+1.42885E+1	+9.05500E-1	+4.60726E-3	+7.12790E-2
+1.43032E+1	+9.11391E-1	+4.37838E-3	+7.13415E-2
+1.43180E+1	+9.17138E-1	+3.84432E-3	+7.14038E-2
+1.43327E+1	+9.22664E-1	+3.31026E-3	+7.14638E-2
+1.43475E+1	+9.28043E-1	+3.99691E-3	+7.15201E-2
+1.43622E+1	+9.33200E-1	+4.30208E-3	+7.15727E-2
+1.43770E+1	+9.38205E-1	+1.93697E-3	+7.16203E-2
+1.43917E+1	+9.42989E-1	+2.62361E-3	+7.16683E-2
+1.44065E+1	+9.47616E-1	+2.92879E-3	+7.17131E-2
+1.44212E+1	+9.52024E-1	+3.23397E-3	+7.17552E-2
+1.44359E+1	+9.56242E-1	+1.86068E-3	+7.17971E-2
+1.44507E+1	+9.60297E-1	+4.11090E-4	+7.18343E-2
+1.44654E+1	+9.64133E-1	+2.01326E-3	+7.18697E-2
+1.44802E+1	+9.67802E-1	+5.63678E-4	+7.19035E-2
+1.44949E+1	+9.71253E-1	+3.76802E-3	+7.19379E-2
+1.45097E+1	+9.74533E-1	-2.48808E-3	+7.19669E-2
+1.45244E+1	+9.77597E-1	-2.25920E-3	+7.19932E-2
+1.45392E+1	+9.80485E-1	-5.80731E-4	+7.20192E-2
+1.45539E+1	+9.83158E-1	+4.30208E-3	+7.20413E-2
+1.45687E+1	+9.85652E-1	+1.40291E-3	+7.20622E-2
+1.45834E+1	+9.87933E-1	+7.16266E-4	+7.20828E-2
+1.45981E+1	+9.90018E-1	+2.92879E-3	+7.20989E-2
+1.46129E+1	+9.91918E-1	+9.45148E-4	+7.21138E-2
+1.46276E+1	+9.93608E-1	+1.05915E-4	+7.21275E-2
+1.46424E+1	+9.95109E-1	-1.19108E-3	+7.21399E-2
+1.46571E+1	+9.96403E-1	+1.86068E-3	+7.21510E-2
+1.46719E+1	+9.97505E-1	-1.03849E-3	+7.21589E-2
+1.46866E+1	+9.98401E-1	+1.32662E-3	+7.21666E-2
+1.47014E+1	+9.99102E-1	+2.69991E-3	+7.21696E-2
+1.47161E+1	+9.99600E-1	+1.55550E-3	+7.21731E-2
+1.47309E+1	+9.99901E-1	+1.40291E-3	+7.21771E-2
