+0.28601
+0.29327
+0.30696
+0.31391
+0.31197
+0.30865
+0.30877
+0.29394
+0.27300
+0.24933
+0.21834
+0.18761
+0.15807
+0.12880
+0.10929
+0.08742
+0.08374
+0.07498
+0.07770
+0.06518
+0.05887
+0.05503
+0.06342
+0.08515
+0.12184
+0.18370
+0.23587
+0.30346
+0.36860
+0.42846
+0.47714
+0.51358
+0.55716
+0.58032
+0.58369
+0.57104
+0.54833
+0.50734
+0.43866
+0.34216
+0.22767
+0.06313
+0.11420
+0.32993
+0.54149
+0.74576
+0.96095
+1.16803
+1.42135
+1.66520
+1.95939
+2.17671
+2.37273
+2.58143
+2.72297
+2.88010
+2.98943
+3.07772
+3.12201
+3.10606
+3.09153
+2.99290
+2.89315
+2.74774
+2.54477
+2.38931
+2.17059
+1.91127
+1.67194
+1.44827
+1.23885
+1.00187
+0.78016
+0.56485
+0.34239
+0.22431
+0.21960
+0.29862
+0.40808
+0.49929
+0.57470
+0.61612
+0.65564
+0.67118
+0.64510
+0.62643
+0.58595
+0.51870
+0.47080
+0.40592
+0.34135
+0.28141
+0.22052
+0.17690
+0.13407
+0.09553
+0.06728
+0.04416
+0.03957
+0.03878
+0.05329
+0.06149
+0.07512
+0.09434
+0.11480
+0.13584
+0.15178
+0.18506
+0.20744
+0.22099
+0.23524
+0.26219
+0.27250
+0.27853
+0.27936
+0.27826
+0.27369
+0.26315
+0.24122
+0.23528
+0.21773
+0.21304
+0.20187
+0.18750
+0.18216
+0.18160
+0.18432
+0.17716
+0.16542
+0.16707
+0.16071
+0.14897
+0.13384
+0.11056
+0.09170
+0.07318
+0.06088
+0.05641
+0.04773
+0.04623
+0.04409
+0.05178
+0.05182
+0.04824
+0.04623
+0.04422
+0.04694
+0.04072
+0.03519
+0.03574
+0.03965
+0.05715
+0.06569
+0.08703
+0.10327
+0.11643
+0.12483
+0.14115
+0.15044
+0.15903
+0.16392
+0.17067
+0.16774
+0.15987
+0.15588
+0.15715
+0.14996
+0.14290
+0.13545
+0.13578
+0.13658
+0.14181
+0.14119
+0.13845
+0.14274
+0.15062