+0.14006
+0.14250
+0.14116
+0.13687
+0.13398
+0.12878
+0.13209
+0.12913
+0.13482
+0.13289
+0.13900
+0.13880
+0.13968
+0.14767
+0.14710
+0.15382
+0.15648
+0.14861
+0.14591
+0.14884
+0.16070
+0.18096
+0.19474
+0.21963
+0.24077
+0.27179
+0.28898
+0.30772
+0.32785
+0.34424
+0.34858
+0.35637
+0.35314
+0.34505
+0.33572
+0.32401
+0.29337
+0.26680
+0.23434
+0.20665
+0.16967
+0.12734
+0.09320
+0.06452
+0.05427
+0.04625
+0.05197
+0.04586
+0.05400
+0.07902
+0.11692
+0.16557
+0.21000
+0.27595
+0.34956
+0.42530
+0.48180
+0.54066
+0.59529
+0.64613
+0.67646
+0.68978
+0.68546
+0.67088
+0.63901
+0.56804
+0.46541
+0.37858
+0.27805
+0.21427
+0.29775
+0.44630
+0.65402
+0.89902
+1.16083
+1.43748
+1.66510
+1.88020
+2.12166
+2.36582
+2.58150
+2.72449
+2.88969
+3.00794
+3.10262
+3.17620
+3.20764
+3.21334
+3.19284
+3.08265
+2.95281
+2.76480
+2.57731
+2.38928
+2.18122
+1.96244
+1.71706
+1.46809
+1.18554
+0.90565
+0.68589
+0.48495
+0.32029
+0.26205
+0.30931
+0.40113
+0.51837
+0.56998
+0.64468
+0.68050
+0.69194
+0.71235
+0.67116
+0.63761
+0.57574
+0.52188
+0.48479
+0.40822
+0.35643
+0.27119
+0.21643
+0.17253
+0.12464
+0.08753
+0.07030
+0.05768
+0.05128
+0.06124
+0.06749
+0.08433
+0.11091
+0.13613
+0.16517
+0.19898
+0.22640
+0.27630
+0.30850
+0.33768
+0.35280
+0.37871
+0.39317
+0.39549
+0.38684
+0.38899
+0.37189
+0.36377
+0.32678
+0.31771
+0.28480
+0.25066
+0.22411
+0.19646
+0.17938
+0.16532
+0.15652
+0.14405
+0.14284
+0.14154
+0.13738
+0.13538
+0.12505
+0.12006
+0.10368
+0.09189
+0.08068
+0.08003
+0.08365
+0.08943
+0.10309
+0.10077
+0.10779
+0.10724
+0.11184
+0.11310
+0.11230
+0.11673