+2.00000E+2	+1.05972E-1	+2.67431E-2	+1.59424E-2
+2.02000E+2	+1.00632E-1	+2.52601E-2	+1.67440E-2
+2.04000E+2	+1.03485E-1	+2.54876E-2	+1.71529E-2
+2.06000E+2	+9.76562E-2	+2.56770E-2	+1.75946E-2
+2.08000E+2	+1.07727E-1	+2.62280E-2	+1.83256E-2
+2.10000E+2	+1.74622E-1	+2.83420E-2	+1.94295E-2
+2.12000E+2	+1.07773E-1	+2.64866E-2	+1.98014E-2
+2.14000E+2	+1.09222E-1	+2.68341E-2	+2.03205E-2
+2.16000E+2	+1.10443E-1	+2.74566E-2	+2.12443E-2
+2.18000E+2	+1.05545E-1	+2.74242E-2	+2.15875E-2
+2.20000E+2	+1.10046E-1	+2.80470E-2	+2.23428E-2
+2.22000E+2	+1.13510E-1	+2.85350E-2	+2.30540E-2
+2.24000E+2	+1.25656E-1	+2.94898E-2	+2.41837E-2
+2.26000E+2	+1.10687E-1	+2.90257E-2	+2.50117E-2
+2.28000E+2	+1.25336E-1	+2.94064E-2	+2.57272E-2
+2.30000E+2	+1.09879E-1	+2.99357E-2	+2.64849E-2
+2.32000E+2	+1.10794E-1	+2.99747E-2	+2.73082E-2
+2.34000E+2	+1.43845E-1	+3.20523E-2	+2.82551E-2
+2.36000E+2	+1.16562E-1	+3.10210E-2	+2.98751E-2
+2.38000E+2	+1.24985E-1	+3.19420E-2	+3.18344E-2
+2.40000E+2	+1.21902E-1	+3.28677E-2	+3.36570E-2
+2.42000E+2	+1.24451E-1	+3.36965E-2	+3.53084E-2
+2.44000E+2	+1.20911E-1	+3.46777E-2	+3.69694E-2
+2.46000E+2	+1.22223E-1	+3.57269E-2	+3.88829E-2
+2.48000E+2	+1.36612E-1	+3.66798E-2	+4.07683E-2
+2.50000E+2	+1.27213E-1	+3.76981E-2	+4.23854E-2
+2.52000E+2	+1.29074E-1	+3.81296E-2	+4.34215E-2
+2.54000E+2	+1.27747E-1	+3.93111E-2	+4.53888E-2
+2.56000E+2	+1.37360E-1	+4.06000E-2	+4.77838E-2
+2.58000E+2	+1.41785E-1	+4.20804E-2	+5.00525E-2
+2.60000E+2	+1.42715E-1	+4.34879E-2	+5.24486E-2
+2.62000E+2	+1.44669E-1	+4.52615E-2	+5.51695E-2
+2.64000E+2	+1.47217E-1	+4.69251E-2	+5.79734E-2
+2.66000E+2	+1.42609E-1	+4.89536E-2	+6.09887E-2
+2.68000E+2	+1.44775E-1	+5.12836E-2	+6.46249E-2
+2.70000E+2	+1.44714E-1	+5.42209E-2	+6.88215E-2
+2.72000E+2	+1.68579E-1	+5.76585E-2	+7.32345E-2
+2.74000E+2	+1.63467E-1	+6.04097E-2	+7.76767E-2
+2.76000E+2	+1.62689E-1	+6.37302E-2	+8.32677E-2
+2.78000E+2	+1.69632E-1	+6.77083E-2	+8.96516E-2
+2.80000E+2	+1.74301E-1	+7.24648E-2	+9.69322E-2
+2.82000E+2	+1.86264E-1	+7.78789E-2	+1.05022E-1
+2.84000E+2	+1.96640E-1	+8.43351E-2	+1.14649E-1
+2.86000E+2	+2.08969E-1	+9.26235E-2	+1.26786E-1
+2.88000E+2	+2.29813E-1	+1.03214E-1	+1.42270E-1
+2.90000E+2	+2.34573E-1	+1.13031E-1	+1.56445E-1
+2.92000E+2	+2.52701E-1	+1.25629E-1	+1.74627E-1
+2.94000E+2	+2.91824E-1	+1.46800E-1	+2.05055E-1
+2.96000E+2	+3.14972E-1	+1.68639E-1	+2.36195E-1
+2.98000E+2	+3.57498E-1	+1.96982E-1	+2.76610E-1
+3.00000E+2	+4.23187E-1	+2.44217E-1	+3.43803E-1
+3.02000E+2	+4.83887E-1	+2.82565E-1	+3.98171E-1
+3.04000E+2	+4.92737E-1	+2.91123E-1	+4.10119E-1
+3.06000E+2	+4.94858E-1	+2.92347E-1	+4.12009E-1
+3.08000E+2	+5.18372E-1	+3.07120E-1	+4.33034E-1
+3.10000E+2	+5.27802E-1	+3.18235E-1	+4.48824E-1
+3.12000E+2	+4.99405E-1	+2.92772E-1	+4.12699E-1
+3.14000E+2	+4.17419E-1	+2.39853E-1	+3.37566E-1
+3.16000E+2	+3.72971E-1	+1.94762E-1	+2.73367E-1
+3.18000E+2	+3.09830E-1	+1.62060E-1	+2.26803E-1
+3.20000E+2	+2.80533E-1	+1.37149E-1	+1.91116E-1
+3.22000E+2	+2.54684E-1	+1.19749E-1	+1.66153E-1
+3.24000E+2	+2.34207E-1	+1.05804E-1	+1.45942E-1
+3.26000E+2	+2.19620E-1	+9.46524E-2	+1.29753E-1
+3.28000E+2	+2.00851E-1	+8.65162E-2	+1.17742E-1
+3.30000E+2	+1.89316E-1	+8.01991E-2	+1.08254E-1
+3.32000E+2	+1.94916E-1	+7.51246E-2	+1.00536E-1
+3.34000E+2	+1.80695E-1	+6.93516E-2	+9.22855E-2
+3.36000E+2	+1.70044E-1	+6.52054E-2	+8.50834E-2
+3.38000E+2	+1.72287E-1	+6.14003E-2	+7.91856E-2
+3.40000E+2	+1.60843E-1	+5.68535E-2	+7.34133E-2
+3.42000E+2	+1.53366E-1	+5.44129E-2	+6.95880E-2
+3.44000E+2	+1.46011E-1	+5.24291E-2	+6.63521E-2
+3.46000E+2	+1.38046E-1	+4.92743E-2	+6.14397E-2
+3.48000E+2	+1.40976E-1	+4.71988E-2	+5.80198E-2
+3.50000E+2	+1.36414E-1	+4.58516E-2	+5.59328E-2
+3.52000E+2	+1.40747E-1	+4.40761E-2	+5.29499E-2
+3.54000E+2	+1.36261E-1	+4.18613E-2	+4.95215E-2
+3.56000E+2	+1.32675E-1	+3.97196E-2	+4.56852E-2
+3.58000E+2	+1.23978E-1	+3.73336E-2	+4.14740E-2
+3.60000E+2	+1.21414E-1	+3.49238E-2	+3.71961E-2
+3.62000E+2	+1.14059E-1	+3.26781E-2	+3.24543E-2
+3.64000E+2	+1.09726E-1	+2.99943E-2	+2.67370E-2
+3.66000E+2	+1.03043E-1	+2.74509E-2	+2.05917E-2
+3.68000E+2	+1.06155E-1	+2.57878E-2	+1.54510E-2
+3.70000E+2	+9.81750E-2	+2.46723E-2	+1.21432E-2
+3.72000E+2	+1.01578E-1	+2.45853E-2	+1.12475E-2
+3.74000E+2	+1.35681E-1	+2.69458E-2	+1.37090E-2
+3.76000E+2	+1.11710E-1	+2.62946E-2	+1.78996E-2
+3.78000E+2	+1.60416E-1	+2.94442E-2	+2.18456E-2
+3.80000E+2	+1.11069E-1	+2.99179E-2	+2.59602E-2
+3.82000E+2	+1.16821E-1	+3.08509E-2	+2.86394E-2
+3.84000E+2	+1.13892E-1	+2.99989E-2	+2.70235E-2
+3.86000E+2	+1.14182E-1	+2.86574E-2	+2.28201E-2
+3.88000E+2	+1.05881E-1	+2.59196E-2	+1.48738E-2
+3.90000E+2	+9.97162E-2	+2.41339E-2	+8.81193E-3
+3.92000E+2	+1.00098E-1	+2.42848E-2	+1.00504E-2
+3.94000E+2	+9.79767E-2	+2.44660E-2	+8.86929E-3
+3.96000E+2	+1.00220E-1	+2.47174E-2	+1.06162E-2
+3.98000E+2	+1.06461E-1	+2.46489E-2	+1.13763E-2
+4.00000E+2	+1.03806E-1	+2.56457E-2	+1.46368E-2
+4.02000E+2	+1.14380E-1	+2.63665E-2	+1.65938E-2
+4.04000E+2	+1.10306E-1	+2.68635E-2	+1.85603E-2
+4.06000E+2	+1.21613E-1	+2.81911E-2	+2.24799E-2
+4.08000E+2	+1.17676E-1	+2.97515E-2	+2.58926E-2
+4.10000E+2	+1.23474E-1	+3.13559E-2	+2.92666E-2
+4.12000E+2	+1.18668E-1	+3.34915E-2	+3.37664E-2
+4.14000E+2	+1.32278E-1	+3.60445E-2	+3.87051E-2
+4.16000E+2	+1.32278E-1	+3.80963E-2	+4.21348E-2
+4.18000E+2	+1.31454E-1	+3.88588E-2	+4.36685E-2
+4.20000E+2	+1.46805E-1	+4.14289E-2	+4.79831E-2
+4.22000E+2	+1.47125E-1	+4.41793E-2	+5.27209E-2
+4.24000E+2	+1.52710E-1	+4.69736E-2	+5.73144E-2
+4.26000E+2	+1.54404E-1	+5.22356E-2	+6.57298E-2
+4.28000E+2	+1.91391E-1	+5.88661E-2	+7.45257E-2
+4.30000E+2	+1.69983E-1	+6.27252E-2	+8.20928E-2
+4.32000E+2	+1.78986E-1	+6.98744E-2	+9.30125E-2
+4.34000E+2	+2.00882E-1	+8.16121E-2	+1.10262E-1
+4.36000E+2	+2.27844E-1	+9.76454E-2	+1.34038E-1
+4.38000E+2	+2.60635E-1	+1.18101E-1	+1.63652E-1
+4.40000E+2	+2.88025E-1	+1.43965E-1	+2.00773E-1
+4.42000E+2	+3.33282E-1	+1.77909E-1	+2.49230E-1
+4.44000E+2	+4.18259E-1	+2.35840E-1	+3.31870E-1
+4.46000E+2	+5.27771E-1	+3.16258E-1	+4.45769E-1
+4.48000E+2	+6.57425E-1	+4.07899E-1	+5.75093E-1
+4.50000E+2	+7.17468E-1	+4.51112E-1	+6.37111E-1
+4.52000E+2	+6.59592E-1	+4.11355E-1	+5.80570E-1
+4.54000E+2	+5.79330E-1	+3.48768E-1	+4.91695E-1
+4.56000E+2	+4.97116E-1	+2.94713E-1	+4.15413E-1
+4.58000E+2	+4.39728E-1	+2.54966E-1	+3.59032E-1
+4.60000E+2	+3.98834E-1	+2.25567E-1	+3.17119E-1
+4.62000E+2	+3.68500E-1	+2.06023E-1	+2.89441E-1
+4.64000E+2	+3.43155E-1	+1.90295E-1	+2.66687E-1
+4.66000E+2	+3.36716E-1	+1.77945E-1	+2.49462E-1
+4.68000E+2	+3.23578E-1	+1.70210E-1	+2.38385E-1
+4.70000E+2	+3.02124E-1	+1.64289E-1	+2.29931E-1
+4.72000E+2	+3.05481E-1	+1.58229E-1	+2.21197E-1
+4.74000E+2	+2.96616E-1	+1.53649E-1	+2.14378E-1
+4.76000E+2	+2.89886E-1	+1.50679E-1	+2.10296E-1
+4.78000E+2	+2.87140E-1	+1.47783E-1	+2.06196E-1
+4.80000E+2	+2.81204E-1	+1.46007E-1	+2.03628E-1
+4.82000E+2	+2.84149E-1	+1.43056E-1	+1.99217E-1
+4.84000E+2	+2.81845E-1	+1.41474E-1	+1.97153E-1
+4.86000E+2	+2.82028E-1	+1.40478E-1	+1.95682E-1
+4.88000E+2	+2.74216E-1	+1.39360E-1	+1.94029E-1
+4.90000E+2	+2.71439E-1	+1.38524E-1	+1.92894E-1
+4.92000E+2	+2.72079E-1	+1.37835E-1	+1.91875E-1
+4.94000E+2	+2.81631E-1	+1.39615E-1	+1.94393E-1
+4.96000E+2	+2.80106E-1	+1.39806E-1	+1.94750E-1
+4.98000E+2	+2.70752E-1	+1.38499E-1	+1.92765E-1
+5.00000E+2	+2.79541E-1	+1.43123E-1	+1.99432E-1
+5.02000E+2	+2.97272E-1	+1.50333E-1	+2.09631E-1
+5.04000E+2	+3.03421E-1	+1.55656E-1	+2.17444E-1
+5.06000E+2	+3.03284E-1	+1.62986E-1	+2.27796E-1
+5.08000E+2	+3.23364E-1	+1.72514E-1	+2.41519E-1
+5.10000E+2	+3.38226E-1	+1.79859E-1	+2.51968E-1
+5.12000E+2	+3.46527E-1	+1.88829E-1	+2.64857E-1
+5.14000E+2	+3.56995E-1	+1.99229E-1	+2.79468E-1
+5.16000E+2	+3.69339E-1	+2.08675E-1	+2.92916E-1
+5.18000E+2	+3.86780E-1	+2.19468E-1	+3.08462E-1
+5.20000E+2	+4.09286E-1	+2.34089E-1	+3.29303E-1
+5.22000E+2	+4.29825E-1	+2.49766E-1	+3.51595E-1
+5.24000E+2	+4.62952E-1	+2.67288E-1	+3.76447E-1
+5.26000E+2	+4.92477E-1	+2.90454E-1	+4.09372E-1
+5.28000E+2	+5.23148E-1	+3.17445E-1	+4.47652E-1
+5.30000E+2	+5.72174E-1	+3.51361E-1	+4.95424E-1
+5.32000E+2	+6.31149E-1	+3.88942E-1	+5.48519E-1
+5.34000E+2	+6.88828E-1	+4.33548E-1	+6.12234E-1
+5.36000E+2	+7.73300E-1	+4.99295E-1	+7.05320E-1
+5.38000E+2	+8.73062E-1	+5.79217E-1	+8.18112E-1
+5.40000E+2	+9.96826E-1	+6.69788E-1	+9.46540E-1
+5.42000E+2	+9.99985E-1	+7.35521E-1	+1.03856E+0
+5.44000E+2	+9.99985E-1	+7.38606E-1	+1.04266E+0
+5.46000E+2	+9.99985E-1	+6.84219E-1	+9.66954E-1
+5.48000E+2	+9.41681E-1	+6.04872E-1	+8.54671E-1
+5.50000E+2	+8.10898E-1	+5.28673E-1	+7.46562E-1
+5.52000E+2	+7.40128E-1	+4.64719E-1	+6.55280E-1
+5.54000E+2	+6.41144E-1	+4.01180E-1	+5.66266E-1
+5.56000E+2	+5.69733E-1	+3.44100E-1	+4.85219E-1
+5.58000E+2	+4.96613E-1	+2.93494E-1	+4.13653E-1
+5.60000E+2	+4.57611E-1	+2.52887E-1	+3.55648E-1
+5.62000E+2	+4.41315E-1	+2.17914E-1	+3.05449E-1
+5.64000E+2	+3.88824E-1	+1.91390E-1	+2.67250E-1
+5.66000E+2	+3.21518E-1	+1.66307E-1	+2.32636E-1
+5.68000E+2	+4.21738E-1	+1.51535E-1	+2.09584E-1
+5.70000E+2	+2.67471E-1	+1.30012E-1	+1.80438E-1
+5.72000E+2	+2.45468E-1	+1.13711E-1	+1.57062E-1
+5.74000E+2	+2.34634E-1	+1.00418E-1	+1.37470E-1
+5.76000E+2	+2.87247E-1	+9.15576E-2	+1.22939E-1
+5.78000E+2	+2.02789E-1	+7.99172E-2	+1.07617E-1
+5.80000E+2	+1.88110E-1	+7.10943E-2	+9.45852E-2
+5.82000E+2	+1.75598E-1	+6.33373E-2	+8.28912E-2
+5.84000E+2	+1.59164E-1	+6.07701E-2	+7.86426E-2
+5.86000E+2	+1.72501E-1	+6.28296E-2	+8.21294E-2
+5.88000E+2	+1.81122E-1	+7.10906E-2	+9.45625E-2
+5.90000E+2	+1.93787E-1	+8.14404E-2	+1.09921E-1
+5.92000E+2	+2.09579E-1	+9.27384E-2	+1.26610E-1
+5.94000E+2	+2.38205E-1	+1.12554E-1	+1.54949E-1
+5.96000E+2	+3.92822E-1	+1.43281E-1	+1.97068E-1
+5.98000E+2	+3.38852E-1	+1.85155E-1	+2.59620E-1
+6.00000E+2	+4.29031E-1	+2.50489E-1	+3.52598E-1
+6.02000E+2	+5.82397E-1	+3.51054E-1	+4.95080E-1
+6.04000E+2	+7.45758E-1	+4.79510E-1	+6.77222E-1
+6.06000E+2	+9.33823E-1	+6.21612E-1	+8.77936E-1
+6.08000E+2	+9.91974E-1	+6.65359E-1	+9.40291E-1
+6.10000E+2	+9.00696E-1	+5.81355E-1	+8.20730E-1
+6.12000E+2	+7.64771E-1	+4.82361E-1	+6.80103E-1
+6.14000E+2	+6.58020E-1	+4.07096E-1	+5.74657E-1
+6.16000E+2	+5.76355E-1	+3.52431E-1	+4.95706E-1
+6.18000E+2	+5.23911E-1	+3.11529E-1	+4.39147E-1
+6.20000E+2	+4.84039E-1	+2.84058E-1	+3.99857E-1
+6.22000E+2	+4.57214E-1	+2.60884E-1	+3.67287E-1
+6.24000E+2	+4.27734E-1	+2.42583E-1	+3.40959E-1
+6.26000E+2	+4.00269E-1	+2.26967E-1	+3.19076E-1
+6.28000E+2	+3.87604E-1	+2.14241E-1	+3.00504E-1
+6.30000E+2	+3.80005E-1	+2.03813E-1	+2.86052E-1
+6.32000E+2	+3.56308E-1	+1.92144E-1	+2.69268E-1
+6.34000E+2	+3.38318E-1	+1.82022E-1	+2.55070E-1
+6.36000E+2	+3.25760E-1	+1.74876E-1	+2.44939E-1
+6.38000E+2	+3.17215E-1	+1.67129E-1	+2.33331E-1
+6.40000E+2	+3.19092E-1	+1.60465E-1	+2.24371E-1
+6.42000E+2	+3.24921E-1	+1.54855E-1	+2.15753E-1
+6.44000E+2	+3.06076E-1	+1.51327E-1	+2.10021E-1
+6.46000E+2	+3.07480E-1	+1.45800E-1	+2.02287E-1
+6.48000E+2	+2.93243E-1	+1.40151E-1	+1.95042E-1
+6.50000E+2	+2.78976E-1	+1.36100E-1	+1.89335E-1
+6.52000E+2	+2.71362E-1	+1.32487E-1	+1.84105E-1
+6.54000E+2	+2.67715E-1	+1.29476E-1	+1.79797E-1
+6.56000E+2	+2.73117E-1	+1.25402E-1	+1.73965E-1
+6.58000E+2	+2.58133E-1	+1.22455E-1	+1.69715E-1
+6.60000E+2	+2.55096E-1	+1.19737E-1	+1.65845E-1
+6.62000E+2	+2.49054E-1	+1.16812E-1	+1.61563E-1
+6.64000E+2	+2.48138E-1	+1.18366E-1	+1.63746E-1
+6.66000E+2	+2.60651E-1	+1.23035E-1	+1.70416E-1
+6.68000E+2	+2.67410E-1	+1.29597E-1	+1.79983E-1
+6.70000E+2	+2.88086E-1	+1.39401E-1	+1.94084E-1
+6.72000E+2	+2.90619E-1	+1.43158E-1	+1.99305E-1
+6.74000E+2	+3.00369E-1	+1.48219E-1	+2.06811E-1
+6.76000E+2	+2.92862E-1	+1.47496E-1	+2.05682E-1
+6.78000E+2	+2.85141E-1	+1.46985E-1	+2.05027E-1
+6.80000E+2	+2.89795E-1	+1.47042E-1	+2.05069E-1
+6.82000E+2	+3.01361E-1	+1.47498E-1	+2.05588E-1
+6.84000E+2	+2.96066E-1	+1.49628E-1	+2.08665E-1
+6.86000E+2	+3.00858E-1	+1.53714E-1	+2.14636E-1
+6.88000E+2	+3.13629E-1	+1.55264E-1	+2.16875E-1
+6.90000E+2	+3.02353E-1	+1.56216E-1	+2.18213E-1
+6.92000E+2	+3.02917E-1	+1.62519E-1	+2.27333E-1
+6.94000E+2	+3.25027E-1	+1.65757E-1	+2.31593E-1
+6.96000E+2	+3.16208E-1	+1.68974E-1	+2.36095E-1
+6.98000E+2	+3.32169E-1	+1.77033E-1	+2.47618E-1
+7.00000E+2	+3.43170E-1	+1.86037E-1	+2.60717E-1
+7.02000E+2	+3.59329E-1	+1.95578E-1	+2.74064E-1
+7.04000E+2	+3.72986E-1	+2.09288E-1	+2.93525E-1
+7.06000E+2	+3.95355E-1	+2.21211E-1	+3.10675E-1
+7.08000E+2	+4.01505E-1	+2.25171E-1	+3.16202E-1
+7.10000E+2	+3.59039E-1	+2.03502E-1	+2.85159E-1
+7.12000E+2	+3.60413E-1	+1.96826E-1	+2.75757E-1
+7.14000E+2	+3.82385E-1	+2.08796E-1	+2.93065E-1
+7.16000E+2	+3.52554E-1	+1.94475E-1	+2.72391E-1
+7.18000E+2	+3.43399E-1	+1.83771E-1	+2.57509E-1
+7.20000E+2	+3.20786E-1	+1.67571E-1	+2.34083E-1
+7.22000E+2	+3.03329E-1	+1.56436E-1	+2.18403E-1
+7.24000E+2	+2.61017E-1	+1.27002E-1	+1.76185E-1
+7.26000E+2	+1.98303E-1	+8.37397E-2	+1.13278E-1
+7.28000E+2	+1.84189E-1	+7.32777E-2	+9.77022E-2
+7.30000E+2	+1.86157E-1	+7.86530E-2	+1.05390E-1
+7.32000E+2	+1.97098E-1	+8.12449E-2	+1.08990E-1
+7.34000E+2	+1.71204E-1	+6.58766E-2	+8.63350E-2
+7.36000E+2	+1.92123E-1	+8.03216E-2	+1.08197E-1
+7.38000E+2	+2.17285E-1	+9.62579E-2	+1.31583E-1
+7.40000E+2	+2.45255E-1	+1.20479E-1	+1.66771E-1
+7.42000E+2	+2.82394E-1	+1.46642E-1	+2.04248E-1
+7.44000E+2	+3.43033E-1	+1.79930E-1	+2.52096E-1
+7.46000E+2	+3.94119E-1	+2.21297E-1	+3.11056E-1
+7.48000E+2	+4.61472E-1	+2.67286E-1	+3.76348E-1
+7.50000E+2	+5.24841E-1	+3.11388E-1	+4.38990E-1
+7.52000E+2	+5.86151E-1	+3.55177E-1	+5.01120E-1
+7.54000E+2	+6.06705E-1	+3.69744E-1	+5.21779E-1
+7.56000E+2	+5.79453E-1	+3.55814E-1	+5.02034E-1
+7.58000E+2	+5.56442E-1	+3.37523E-1	+4.76066E-1
+7.60000E+2	+5.24963E-1	+3.16840E-1	+4.46749E-1
+7.62000E+2	+5.03403E-1	+3.00601E-1	+4.23674E-1
+7.64000E+2	+4.86801E-1	+2.85965E-1	+4.02924E-1
+7.66000E+2	+4.68445E-1	+2.76370E-1	+3.89295E-1
+7.68000E+2	+4.80911E-1	+2.84204E-1	+4.00457E-1
+7.70000E+2	+5.12054E-1	+2.99320E-1	+4.21898E-1
+7.72000E+2	+5.13596E-1	+3.05615E-1	+4.30689E-1
+7.74000E+2	+5.07095E-1	+2.95942E-1	+4.17111E-1
+7.76000E+2	+4.47906E-1	+2.52841E-1	+3.55387E-1
+7.78000E+2	+3.81042E-1	+1.97704E-1	+2.77435E-1
+7.80000E+2	+3.05130E-1	+1.46739E-1	+2.04439E-1
+7.82000E+2	+2.45728E-1	+1.09809E-1	+1.51197E-1
+7.84000E+2	+2.16995E-1	+9.07709E-2	+1.23603E-1
+7.86000E+2	+2.09656E-1	+8.41327E-2	+1.13784E-1
+7.88000E+2	+2.00378E-1	+8.04495E-2	+1.08330E-1
+7.90000E+2	+2.07016E-1	+7.95498E-2	+1.06829E-1
+7.92000E+2	+2.04727E-1	+8.26379E-2	+1.11585E-1
+7.94000E+2	+2.13867E-1	+8.89820E-2	+1.20695E-1
+7.96000E+2	+2.27768E-1	+9.75571E-2	+1.33255E-1
+7.98000E+2	+2.43378E-1	+1.07311E-1	+1.47518E-1
+8.00000E+2	+2.43973E-1	+1.10766E-1	+1.52401E-1
+8.02000E+2	+2.42233E-1	+1.12193E-1	+1.54832E-1
+8.04000E+2	+2.44858E-1	+1.08152E-1	+1.48838E-1
+8.06000E+2	+2.33414E-1	+1.00599E-1	+1.37835E-1
+8.08000E+2	+2.08847E-1	+8.54177E-2	+1.15469E-1
+8.10000E+2	+1.84525E-1	+7.14516E-2	+9.48143E-2
+8.12000E+2	+1.70990E-1	+6.26377E-2	+8.15671E-2
+8.14000E+2	+1.67633E-1	+5.62560E-2	+7.15497E-2
+8.16000E+2	+1.65024E-1	+5.36833E-2	+6.74664E-2
+8.18000E+2	+1.55396E-1	+5.49127E-2	+6.95201E-2
+8.20000E+2	+1.71722E-1	+5.81265E-2	+7.45905E-2
+8.22000E+2	+1.73340E-1	+6.27955E-2	+8.17854E-2
+8.24000E+2	+1.77261E-1	+6.36667E-2	+8.28326E-2
+8.26000E+2	+1.81015E-1	+6.53487E-2	+8.55361E-2
+8.28000E+2	+1.84662E-1	+6.58631E-2	+8.63992E-2
+8.30000E+2	+1.80786E-1	+6.71066E-2	+8.80102E-2
+8.32000E+2	+1.95297E-1	+7.47860E-2	+9.95144E-2
+8.34000E+2	+2.17239E-1	+8.86236E-2	+1.20409E-1
+8.36000E+2	+2.42187E-1	+1.07859E-1	+1.48487E-1
+8.38000E+2	+2.80579E-1	+1.36100E-1	+1.89266E-1
+8.40000E+2	+3.22556E-1	+1.71764E-1	+2.40350E-1
+8.42000E+2	+3.84811E-1	+2.10826E-1	+2.96071E-1
+8.44000E+2	+4.57153E-1	+2.57064E-1	+3.61727E-1
+8.46000E+2	+5.08331E-1	+2.94532E-1	+4.14376E-1
+8.48000E+2	+5.33859E-1	+3.09453E-1	+4.36055E-1
+8.50000E+2	+5.05173E-1	+3.07835E-1	+4.33012E-1
+8.52000E+2	+4.94354E-1	+2.92961E-1	+4.11622E-1
+8.54000E+2	+4.59900E-1	+2.69618E-1	+3.79276E-1
+8.56000E+2	+4.24347E-1	+2.46202E-1	+3.45545E-1
+8.58000E+2	+4.03839E-1	+2.27485E-1	+3.19621E-1
+8.60000E+2	+3.82492E-1	+2.13987E-1	+3.00244E-1
+8.62000E+2	+3.67889E-1	+2.03704E-1	+2.85737E-1
+8.64000E+2	+3.55774E-1	+1.95775E-1	+2.74015E-1
+8.66000E+2	+3.38745E-1	+1.88502E-1	+2.63955E-1
+8.68000E+2	+3.52661E-1	+1.89402E-1	+2.64990E-1
+8.70000E+2	+3.51791E-1	+1.93514E-1	+2.70422E-1
+8.72000E+2	+3.46542E-1	+1.91854E-1	+2.68894E-1
+8.74000E+2	+3.49213E-1	+1.91619E-1	+2.68488E-1
+8.76000E+2	+3.54355E-1	+1.95524E-1	+2.74205E-1
+8.78000E+2	+3.60992E-1	+1.97574E-1	+2.77160E-1
+8.80000E+2	+3.58170E-1	+1.97548E-1	+2.75974E-1
+8.82000E+2	+3.46802E-1	+1.88083E-1	+2.63141E-1
+8.84000E+2	+3.36868E-1	+1.81412E-1	+2.53918E-1
+8.86000E+2	+3.36166E-1	+1.82124E-1	+2.54563E-1
+8.88000E+2	+3.36792E-1	+1.80463E-1	+2.52598E-1
+8.90000E+2	+3.21472E-1	+1.75628E-1	+2.45865E-1
+8.92000E+2	+3.19107E-1	+1.67922E-1	+2.34842E-1
+8.94000E+2	+3.12912E-1	+1.70874E-1	+2.39080E-1
+8.96000E+2	+3.52325E-1	+1.93878E-1	+2.71932E-1
+8.98000E+2	+4.38919E-1	+2.57800E-1	+3.62871E-1
+9.00000E+2	+5.16907E-1	+3.09802E-1	+4.36688E-1
+9.02000E+2	+5.52979E-1	+3.34640E-1	+4.71952E-1
+9.04000E+2	+5.87677E-1	+3.61953E-1	+5.10696E-1
+9.06000E+2	+6.26282E-1	+3.87872E-1	+5.46179E-1
+9.08000E+2	+6.71188E-1	+4.15490E-1	+5.86104E-1
+9.10000E+2	+7.06863E-1	+4.41688E-1	+6.23326E-1
+9.12000E+2	+6.66855E-1	+4.22272E-1	+5.95711E-1
+9.14000E+2	+5.71136E-1	+3.48478E-1	+4.89431E-1
+9.16000E+2	+4.75311E-1	+2.76652E-1	+3.89152E-1
+9.18000E+2	+3.96179E-1	+2.22378E-1	+3.11484E-1
+9.20000E+2	+3.38821E-1	+1.79378E-1	+2.50861E-1
+9.22000E+2	+2.94373E-1	+1.50454E-1	+2.09059E-1
+9.24000E+2	+2.66983E-1	+1.33590E-1	+1.85399E-1
+9.26000E+2	+2.60666E-1	+1.31552E-1	+1.82297E-1
+9.28000E+2	+2.71835E-1	+1.40817E-1	+1.95800E-1
+9.30000E+2	+3.14056E-1	+1.60383E-1	+2.23305E-1
+9.32000E+2	+3.61328E-1	+1.94754E-1	+2.72022E-1
+9.34000E+2	+4.20227E-1	+2.40848E-1	+3.38608E-1
+9.36000E+2	+4.88632E-1	+2.89952E-1	+4.07233E-1
+9.38000E+2	+5.58914E-1	+3.45018E-1	+4.86155E-1
+9.40000E+2	+6.18484E-1	+3.85267E-1	+5.41460E-1
+9.42000E+2	+6.63544E-1	+4.11092E-1	+5.79490E-1
+9.44000E+2	+6.91483E-1	+4.39154E-1	+6.20080E-1
+9.46000E+2	+7.44278E-1	+4.71659E-1	+6.66112E-1
+9.48000E+2	+7.62665E-1	+4.92539E-1	+6.95657E-1
+9.50000E+2	+7.65350E-1	+4.92262E-1	+6.95318E-1
+9.52000E+2	+7.37045E-1	+4.67356E-1	+6.59990E-1
+9.54000E+2	+6.98456E-1	+4.34752E-1	+6.09538E-1
+9.56000E+2	+6.45981E-1	+4.01326E-1	+5.66444E-1
+9.58000E+2	+6.11710E-1	+3.69710E-1	+5.21671E-1
+9.60000E+2	+5.79208E-1	+3.43098E-1	+4.83901E-1
+9.62000E+2	+5.46814E-1	+3.20525E-1	+4.51903E-1
+9.64000E+2	+5.05280E-1	+2.98495E-1	+4.20665E-1
+9.66000E+2	+4.91821E-1	+2.83843E-1	+3.99861E-1
+9.68000E+2	+4.81125E-1	+2.74344E-1	+3.85474E-1
+9.70000E+2	+4.59976E-1	+2.64981E-1	+3.73038E-1
+9.72000E+2	+4.49738E-1	+2.56586E-1	+3.61109E-1
+9.74000E+2	+4.34708E-1	+2.50538E-1	+3.52500E-1
+9.76000E+2	+4.35501E-1	+2.44939E-1	+3.44549E-1
+9.78000E+2	+4.33716E-1	+2.38870E-1	+3.35693E-1
+9.80000E+2	+4.16824E-1	+2.32334E-1	+3.26169E-1
+9.82000E+2	+4.12537E-1	+2.29319E-1	+3.21625E-1
+9.84000E+2	+4.16489E-1	+2.30236E-1	+3.22365E-1
+9.86000E+2	+4.14886E-1	+2.30389E-1	+3.23396E-1
+9.88000E+2	+4.12079E-1	+2.29804E-1	+3.18051E-1
+9.90000E+2	+4.16260E-1	+2.29802E-1	+3.22912E-1
+9.92000E+2	+4.20303E-1	+2.32182E-1	+3.26389E-1
+9.94000E+2	+4.23935E-1	+2.36035E-1	+3.31137E-1
+9.96000E+2	+4.30252E-1	+2.39605E-1	+3.36983E-1
+9.98000E+2	+4.37637E-1	+2.46975E-1	+3.46740E-1
+1.00000E+3	+4.60907E-1	+2.58505E-1	+3.63839E-1
