+2.00000E+2	+9.95178E-2	+2.55255E-2	+1.74799E-2
+2.02000E+2	+1.10687E-1	+2.59800E-2	+1.85152E-2
+2.04000E+2	+1.04279E-1	+2.60908E-2	+1.90211E-2
+2.06000E+2	+1.00327E-1	+2.65273E-2	+1.96530E-2
+2.08000E+2	+1.03531E-1	+2.67239E-2	+2.03972E-2
+2.10000E+2	+1.08063E-1	+2.70714E-2	+2.14441E-2
+2.12000E+2	+1.10611E-1	+2.74390E-2	+2.23142E-2
+2.14000E+2	+1.17203E-1	+2.93273E-2	+2.29186E-2
+2.16000E+2	+1.16669E-1	+2.83444E-2	+2.40489E-2
+2.18000E+2	+1.15143E-1	+2.82144E-2	+2.44407E-2
+2.20000E+2	+1.09360E-1	+2.87770E-2	+2.53554E-2
+2.22000E+2	+1.07651E-1	+2.92706E-2	+2.67186E-2
+2.24000E+2	+1.15021E-1	+3.00592E-2	+2.81127E-2
+2.26000E+2	+1.14166E-1	+3.06399E-2	+2.96163E-2
+2.28000E+2	+1.19781E-1	+3.11451E-2	+3.07319E-2
+2.30000E+2	+1.21719E-1	+3.18322E-2	+3.18241E-2
+2.32000E+2	+1.17126E-1	+3.22553E-2	+3.27227E-2
+2.34000E+2	+1.26633E-1	+3.29415E-2	+3.41165E-2
+2.36000E+2	+1.22833E-1	+3.35172E-2	+3.52958E-2
+2.38000E+2	+1.20926E-1	+3.44028E-2	+3.67318E-2
+2.40000E+2	+1.31104E-1	+3.56085E-2	+3.91115E-2
+2.42000E+2	+1.23718E-1	+3.69196E-2	+4.15176E-2
+2.44000E+2	+1.28448E-1	+3.83279E-2	+4.38788E-2
+2.46000E+2	+1.29425E-1	+3.97132E-2	+4.63173E-2
+2.48000E+2	+1.33255E-1	+4.14455E-2	+4.91175E-2
+2.50000E+2	+1.33392E-1	+4.26635E-2	+5.13788E-2
+2.52000E+2	+1.38733E-1	+4.45967E-2	+5.44348E-2
+2.54000E+2	+1.43875E-1	+4.68732E-2	+5.80248E-2
+2.56000E+2	+1.43860E-1	+4.97791E-2	+6.27952E-2
+2.58000E+2	+1.47034E-1	+5.25854E-2	+6.71629E-2
+2.60000E+2	+1.56235E-1	+5.48253E-2	+7.04888E-2
+2.62000E+2	+1.54861E-1	+5.63664E-2	+7.28680E-2
+2.64000E+2	+1.63437E-1	+5.89748E-2	+7.66272E-2
+2.66000E+2	+1.63147E-1	+6.22342E-2	+8.15120E-2
+2.68000E+2	+1.82709E-1	+6.66074E-2	+8.80840E-2
+2.70000E+2	+1.79016E-1	+7.19182E-2	+9.61330E-2
+2.72000E+2	+1.88644E-1	+7.76690E-2	+1.04769E-1
+2.74000E+2	+1.96579E-1	+8.38775E-2	+1.13946E-1
+2.76000E+2	+2.12112E-1	+9.15700E-2	+1.25064E-1
+2.78000E+2	+2.21268E-1	+9.94981E-2	+1.36636E-1
+2.80000E+2	+2.38266E-1	+1.09805E-1	+1.51587E-1
+2.82000E+2	+2.66068E-1	+1.21901E-1	+1.68408E-1
+2.84000E+2	+2.74612E-1	+1.34743E-1	+1.87268E-1
+2.86000E+2	+2.92297E-1	+1.47109E-1	+2.05138E-1
+2.88000E+2	+3.07129E-1	+1.52733E-1	+2.13515E-1
+2.90000E+2	+2.85873E-1	+1.44106E-1	+2.01121E-1
+2.92000E+2	+2.95227E-1	+1.47088E-1	+2.05433E-1
+2.94000E+2	+2.73819E-1	+1.36976E-1	+1.90898E-1
+2.96000E+2	+2.59033E-1	+1.24185E-1	+1.71901E-1
+2.98000E+2	+2.58957E-1	+1.16632E-1	+1.61593E-1
+3.00000E+2	+2.37122E-1	+1.07883E-1	+1.48962E-1
+3.02000E+2	+2.17850E-1	+9.96002E-2	+1.36955E-1
+3.04000E+2	+2.09717E-1	+9.32129E-2	+1.27657E-1
+3.06000E+2	+2.08603E-1	+8.88092E-2	+1.21171E-1
+3.08000E+2	+2.01630E-1	+8.49301E-2	+1.15552E-1
+3.10000E+2	+1.98532E-1	+8.21778E-2	+1.11585E-1
+3.12000E+2	+1.84692E-1	+7.82552E-2	+1.05677E-1
+3.14000E+2	+1.88248E-1	+7.37881E-2	+9.83855E-2
+3.16000E+2	+1.79016E-1	+6.83717E-2	+9.09943E-2
+3.18000E+2	+1.68396E-1	+6.43335E-2	+8.48943E-2
+3.20000E+2	+1.68274E-1	+6.05537E-2	+7.91284E-2
+3.22000E+2	+1.56631E-1	+5.75952E-2	+7.44464E-2
+3.24000E+2	+1.65115E-1	+5.54503E-2	+7.12849E-2
+3.26000E+2	+1.55319E-1	+5.24356E-2	+6.66310E-2
+3.28000E+2	+1.51184E-1	+5.02641E-2	+6.31636E-2
+3.30000E+2	+1.55838E-1	+4.87736E-2	+6.07451E-2
+3.32000E+2	+1.50330E-1	+4.75300E-2	+5.87065E-2
+3.34000E+2	+1.35925E-1	+4.61941E-2	+5.65785E-2
+3.36000E+2	+1.46805E-1	+4.41250E-2	+5.31476E-2
+3.38000E+2	+1.31668E-1	+4.26676E-2	+5.06181E-2
+3.40000E+2	+1.31943E-1	+4.08916E-2	+4.77844E-2
+3.42000E+2	+1.35361E-1	+4.01540E-2	+4.63680E-2
+3.44000E+2	+1.31454E-1	+3.85326E-2	+4.34829E-2
+3.46000E+2	+1.26999E-1	+3.59954E-2	+3.90802E-2
+3.48000E+2	+1.25229E-1	+3.59606E-2	+3.88872E-2
+3.50000E+2	+1.26648E-1	+3.35287E-2	+3.43251E-2
+3.52000E+2	+1.11572E-1	+3.09651E-2	+2.91063E-2
+3.54000E+2	+1.15204E-1	+2.88961E-2	+2.45674E-2
+3.56000E+2	+1.01364E-1	+2.70378E-2	+2.03913E-2
+3.58000E+2	+1.05072E-1	+2.58549E-2	+1.67011E-2
+3.60000E+2	+9.67712E-2	+2.49599E-2	+1.37469E-2
+3.62000E+2	+1.19904E-1	+2.44324E-2	+1.12652E-2
+3.64000E+2	+1.01532E-1	+2.37994E-2	+8.76152E-3
+3.66000E+2	+1.00967E-1	+2.32373E-2	+5.45076E-3
+3.68000E+2	+1.01562E-1	+2.34291E-2	+5.02111E-3
+3.70000E+2	+9.77783E-2	+2.36785E-2	+7.82252E-3
+3.72000E+2	+1.09955E-1	+2.44147E-2	+1.05912E-2
+3.74000E+2	+1.01578E-1	+2.54378E-2	+1.47481E-2
+3.76000E+2	+1.16013E-1	+2.70571E-2	+1.94620E-2
+3.78000E+2	+1.14319E-1	+2.85789E-2	+2.32965E-2
+3.80000E+2	+1.19995E-1	+2.98751E-2	+2.62828E-2
+3.82000E+2	+1.19370E-1	+2.98765E-2	+2.62754E-2
+3.84000E+2	+1.15753E-1	+2.87821E-2	+2.35063E-2
+3.86000E+2	+2.21573E-1	+2.64009E-2	+1.73187E-2
+3.88000E+2	+9.85413E-2	+2.41649E-2	+9.33923E-3
+3.90000E+2	+1.02859E-1	+2.43381E-2	+1.03124E-2
+3.92000E+2	+1.07666E-1	+2.65295E-2	+1.73523E-2
+3.94000E+2	+1.18332E-1	+2.94987E-2	+2.54708E-2
+3.96000E+2	+1.23367E-1	+3.05607E-2	+2.78664E-2
+3.98000E+2	+1.33194E-1	+3.29869E-2	+3.29999E-2
+4.00000E+2	+1.20682E-1	+3.59266E-2	+3.85912E-2
+4.02000E+2	+1.36139E-1	+3.80673E-2	+4.25292E-2
+4.04000E+2	+1.41312E-1	+3.93299E-2	+4.47299E-2
+4.06000E+2	+1.37680E-1	+4.25409E-2	+5.03128E-2
+4.08000E+2	+1.45004E-1	+4.79130E-2	+5.91233E-2
+4.10000E+2	+1.56296E-1	+5.34220E-2	+6.78943E-2
+4.12000E+2	+1.80984E-1	+5.94005E-2	+7.71847E-2
+4.14000E+2	+1.90735E-1	+6.85783E-2	+9.02829E-2
+4.16000E+2	+1.92200E-1	+7.76311E-2	+1.04660E-1
+4.18000E+2	+2.16934E-1	+8.83648E-2	+1.19977E-1
+4.20000E+2	+2.25220E-1	+9.75845E-2	+1.33169E-1
+4.22000E+2	+2.27997E-1	+1.05489E-1	+1.45375E-1
+4.24000E+2	+2.39456E-1	+1.15658E-1	+1.60169E-1
+4.26000E+2	+2.62192E-1	+1.25379E-1	+1.73978E-1
+4.28000E+2	+2.69592E-1	+1.32135E-1	+1.83912E-1
+4.30000E+2	+2.70905E-1	+1.35506E-1	+1.88530E-1
+4.32000E+2	+2.69211E-1	+1.37642E-1	+1.91826E-1
+4.34000E+2	+2.77344E-1	+1.36964E-1	+1.90800E-1
+4.36000E+2	+2.70676E-1	+1.35815E-1	+1.89121E-1
+4.38000E+2	+2.64786E-1	+1.34259E-1	+1.86850E-1
+4.40000E+2	+2.69775E-1	+1.33418E-1	+1.85713E-1
+4.42000E+2	+2.57797E-1	+1.30338E-1	+1.81194E-1
+4.44000E+2	+2.51175E-1	+1.25984E-1	+1.75013E-1
+4.46000E+2	+2.52045E-1	+1.22669E-1	+1.70210E-1
+4.48000E+2	+2.50443E-1	+1.21708E-1	+1.68850E-1
+4.50000E+2	+2.50778E-1	+1.19195E-1	+1.65214E-1
+4.52000E+2	+2.44614E-1	+1.16501E-1	+1.61381E-1
+4.54000E+2	+2.36038E-1	+1.12815E-1	+1.56065E-1
+4.56000E+2	+2.33627E-1	+1.11010E-1	+1.53295E-1
+4.58000E+2	+2.34772E-1	+1.08624E-1	+1.49914E-1
+4.60000E+2	+2.32132E-1	+1.06767E-1	+1.47158E-1
+4.62000E+2	+2.20093E-1	+1.06660E-1	+1.47108E-1
+4.64000E+2	+2.30301E-1	+1.05420E-1	+1.45298E-1
+4.66000E+2	+2.27951E-1	+1.04788E-1	+1.44210E-1
+4.68000E+2	+2.23557E-1	+1.05355E-1	+1.45227E-1
+4.70000E+2	+2.23373E-1	+1.05651E-1	+1.45558E-1
+4.72000E+2	+2.26822E-1	+1.06848E-1	+1.47300E-1
+4.74000E+2	+2.27631E-1	+1.08079E-1	+1.49092E-1
+4.76000E+2	+2.33841E-1	+1.07275E-1	+1.47917E-1
+4.78000E+2	+2.32010E-1	+1.10636E-1	+1.52723E-1
+4.80000E+2	+2.49268E-1	+1.15775E-1	+1.59948E-1
+4.82000E+2	+2.46506E-1	+1.19752E-1	+1.65949E-1
+4.84000E+2	+2.64999E-1	+1.23702E-1	+1.71607E-1
+4.86000E+2	+2.59506E-1	+1.27529E-1	+1.77161E-1
+4.88000E+2	+2.58759E-1	+1.31663E-1	+1.83044E-1
+4.90000E+2	+2.70615E-1	+1.37016E-1	+1.90669E-1
+4.92000E+2	+2.72675E-1	+1.39943E-1	+1.94915E-1
+4.94000E+2	+2.78564E-1	+1.44908E-1	+2.02098E-1
+4.96000E+2	+2.95105E-1	+1.50068E-1	+2.09390E-1
+4.98000E+2	+2.97379E-1	+1.50708E-1	+2.10368E-1
+5.00000E+2	+3.01483E-1	+1.59586E-1	+2.23018E-1
+5.02000E+2	+3.20618E-1	+1.75448E-1	+2.45776E-1
+5.04000E+2	+3.38501E-1	+1.86224E-1	+2.60990E-1
+5.06000E+2	+3.52554E-1	+1.96730E-1	+2.76033E-1
+5.08000E+2	+3.70163E-1	+2.09193E-1	+2.93812E-1
+5.10000E+2	+3.86154E-1	+2.23118E-1	+3.13371E-1
+5.12000E+2	+4.06937E-1	+2.38856E-1	+3.35890E-1
+5.14000E+2	+4.37378E-1	+2.55421E-1	+3.59381E-1
+5.16000E+2	+4.67148E-1	+2.72818E-1	+3.84097E-1
+5.18000E+2	+4.89395E-1	+2.91731E-1	+4.11090E-1
+5.20000E+2	+5.20920E-1	+3.12539E-1	+4.40098E-1
+5.22000E+2	+5.39108E-1	+3.32374E-1	+4.68744E-1
+5.24000E+2	+5.70938E-1	+3.46401E-1	+4.88280E-1
+5.26000E+2	+5.83450E-1	+3.62858E-1	+5.12005E-1
+5.28000E+2	+6.05774E-1	+3.74330E-1	+5.27911E-1
+5.30000E+2	+6.24893E-1	+3.83154E-1	+5.39981E-1
+5.32000E+2	+6.16791E-1	+3.80745E-1	+5.37399E-1
+5.34000E+2	+5.83679E-1	+3.62876E-1	+5.12055E-1
+5.36000E+2	+5.67673E-1	+3.41427E-1	+4.81683E-1
+5.38000E+2	+5.42847E-1	+3.24626E-1	+4.57792E-1
+5.40000E+2	+5.00778E-1	+3.01335E-1	+4.24813E-1
+5.42000E+2	+4.74579E-1	+2.79390E-1	+3.93644E-1
+5.44000E+2	+4.47998E-1	+2.60204E-1	+3.66413E-1
+5.46000E+2	+4.24667E-1	+2.45150E-1	+3.45025E-1
+5.48000E+2	+4.04999E-1	+2.31078E-1	+3.25038E-1
+5.50000E+2	+3.89130E-1	+2.17223E-1	+3.05338E-1
+5.52000E+2	+3.71368E-1	+2.03354E-1	+2.85606E-1
+5.54000E+2	+3.64792E-1	+1.94720E-1	+2.73116E-1
+5.56000E+2	+3.40973E-1	+1.81811E-1	+2.54843E-1
+5.58000E+2	+3.30063E-1	+1.70531E-1	+2.38543E-1
+5.60000E+2	+2.99026E-1	+1.58253E-1	+2.21241E-1
+5.62000E+2	+2.85919E-1	+1.46566E-1	+2.04484E-1
+5.64000E+2	+2.80533E-1	+1.37692E-1	+1.91777E-1
+5.66000E+2	+2.76108E-1	+1.31020E-1	+1.82032E-1
+5.68000E+2	+2.64648E-1	+1.27840E-1	+1.77549E-1
+5.70000E+2	+2.63809E-1	+1.25940E-1	+1.74636E-1
+5.72000E+2	+2.59109E-1	+1.23084E-1	+1.70522E-1
+5.74000E+2	+2.61292E-1	+1.22108E-1	+1.69296E-1
+5.76000E+2	+2.65640E-1	+1.24587E-1	+1.72759E-1
+5.78000E+2	+2.64175E-1	+1.27008E-1	+1.76391E-1
+5.80000E+2	+2.61124E-1	+1.31669E-1	+1.82803E-1
+5.82000E+2	+2.76779E-1	+1.35736E-1	+1.88852E-1
+5.84000E+2	+2.80228E-1	+1.40370E-1	+1.95336E-1
+5.86000E+2	+2.92343E-1	+1.45422E-1	+2.02610E-1
+5.88000E+2	+2.93304E-1	+1.49979E-1	+2.09269E-1
+5.90000E+2	+3.06534E-1	+1.54562E-1	+2.15953E-1
+5.92000E+2	+3.03268E-1	+1.56639E-1	+2.18909E-1
+5.94000E+2	+3.17230E-1	+1.56903E-1	+2.19270E-1
+5.96000E+2	+2.97791E-1	+1.57934E-1	+2.20744E-1
+5.98000E+2	+3.07587E-1	+1.57445E-1	+2.20094E-1
+6.00000E+2	+2.99408E-1	+1.56392E-1	+2.18298E-1
+6.02000E+2	+3.05801E-1	+1.56324E-1	+2.18428E-1
+6.04000E+2	+3.06335E-1	+1.55240E-1	+2.16824E-1
+6.06000E+2	+3.11874E-1	+1.53118E-1	+2.13862E-1
+6.08000E+2	+3.06686E-1	+1.51811E-1	+2.11905E-1
+6.10000E+2	+2.96448E-1	+1.48523E-1	+2.07283E-1
+6.12000E+2	+2.76642E-1	+1.43777E-1	+2.00490E-1
+6.14000E+2	+2.88574E-1	+1.41786E-1	+1.97168E-1
+6.16000E+2	+2.86133E-1	+1.38364E-1	+1.92667E-1
+6.18000E+2	+2.80426E-1	+1.38344E-1	+1.92616E-1
+6.20000E+2	+2.81082E-1	+1.36767E-1	+1.90392E-1
+6.22000E+2	+2.76581E-1	+1.34627E-1	+1.87239E-1
+6.24000E+2	+2.67166E-1	+1.33139E-1	+1.85160E-1
+6.26000E+2	+2.68036E-1	+1.31976E-1	+1.82821E-1
+6.28000E+2	+2.79892E-1	+1.32228E-1	+1.83788E-1
+6.30000E+2	+2.78610E-1	+1.33215E-1	+1.85288E-1
+6.32000E+2	+2.68707E-1	+1.30140E-1	+1.80639E-1
+6.34000E+2	+2.65930E-1	+1.26430E-1	+1.75373E-1
+6.36000E+2	+2.58682E-1	+1.24764E-1	+1.72762E-1
+6.38000E+2	+2.60269E-1	+1.22397E-1	+1.69512E-1
+6.40000E+2	+2.59125E-1	+1.19957E-1	+1.66103E-1
+6.42000E+2	+2.49039E-1	+1.18112E-1	+1.63429E-1
+6.44000E+2	+2.48291E-1	+1.17400E-1	+1.62286E-1
+6.46000E+2	+2.41882E-1	+1.15166E-1	+1.59101E-1
+6.48000E+2	+2.47635E-1	+1.13587E-1	+1.56686E-1
+6.50000E+2	+2.32208E-1	+1.11048E-1	+1.53280E-1
+6.52000E+2	+2.42294E-1	+1.09105E-1	+1.50172E-1
+6.54000E+2	+2.38800E-1	+1.08153E-1	+1.48967E-1
+6.56000E+2	+2.34787E-1	+1.05669E-1	+1.45252E-1
+6.58000E+2	+2.37854E-1	+1.06037E-1	+1.46009E-1
+6.60000E+2	+2.41837E-1	+1.03244E-1	+1.41732E-1
+6.62000E+2	+2.26227E-1	+1.02030E-1	+1.39903E-1
+6.64000E+2	+2.42691E-1	+1.05382E-1	+1.45006E-1
+6.66000E+2	+2.39105E-1	+1.11109E-1	+1.53105E-1
+6.68000E+2	+2.65503E-1	+1.20600E-1	+1.67111E-1
+6.70000E+2	+2.67365E-1	+1.29389E-1	+1.79503E-1
+6.72000E+2	+2.72263E-1	+1.31275E-1	+1.82352E-1
+6.74000E+2	+2.84195E-1	+1.36865E-1	+1.90160E-1
+6.76000E+2	+2.86011E-1	+1.33901E-1	+1.85955E-1
+6.78000E+2	+2.76611E-1	+1.29107E-1	+1.79276E-1
+6.80000E+2	+2.58713E-1	+1.24592E-1	+1.72697E-1
+6.82000E+2	+2.66769E-1	+1.28686E-1	+1.78697E-1
+6.84000E+2	+2.68661E-1	+1.32076E-1	+1.83547E-1
+6.86000E+2	+2.67807E-1	+1.33154E-1	+1.85194E-1
+6.88000E+2	+2.71240E-1	+1.32447E-1	+1.84135E-1
+6.90000E+2	+2.70248E-1	+1.30612E-1	+1.81463E-1
+6.92000E+2	+2.66815E-1	+1.31694E-1	+1.83062E-1
+6.94000E+2	+2.63184E-1	+1.32800E-1	+1.84666E-1
+6.96000E+2	+2.80243E-1	+1.34735E-1	+1.87394E-1
+6.98000E+2	+2.71469E-1	+1.38432E-1	+1.92720E-1
+7.00000E+2	+2.75040E-1	+1.37732E-1	+1.91542E-1
+7.02000E+2	+2.71240E-1	+1.42130E-1	+1.98048E-1
+7.04000E+2	+2.93701E-1	+1.48946E-1	+2.07730E-1
+7.06000E+2	+2.89551E-1	+1.51185E-1	+2.11047E-1
+7.08000E+2	+2.94205E-1	+1.50589E-1	+2.10076E-1
+7.10000E+2	+2.91214E-1	+1.48820E-1	+2.07637E-1
+7.12000E+2	+2.82425E-1	+1.47356E-1	+2.05490E-1
+7.14000E+2	+2.99789E-1	+1.53460E-1	+2.13919E-1
+7.16000E+2	+3.09967E-1	+1.60645E-1	+2.24132E-1
+7.18000E+2	+3.03711E-1	+1.62564E-1	+2.27321E-1
+7.20000E+2	+3.20816E-1	+1.69817E-1	+2.37571E-1
+7.22000E+2	+3.37158E-1	+1.78419E-1	+2.49773E-1
+7.24000E+2	+3.47610E-1	+1.84423E-1	+2.58399E-1
+7.26000E+2	+3.37479E-1	+1.83059E-1	+2.56344E-1
+7.28000E+2	+3.46039E-1	+1.89594E-1	+2.65222E-1
+7.30000E+2	+3.60321E-1	+1.97169E-1	+2.76706E-1
+7.32000E+2	+3.69766E-1	+2.08720E-1	+2.92933E-1
+7.34000E+2	+3.79898E-1	+2.08969E-1	+2.93114E-1
+7.36000E+2	+3.70667E-1	+2.08565E-1	+2.92549E-1
+7.38000E+2	+3.70193E-1	+2.07987E-1	+2.91855E-1
+7.40000E+2	+3.77426E-1	+2.04838E-1	+2.87275E-1
+7.42000E+2	+3.52600E-1	+1.98429E-1	+2.78495E-1
+7.44000E+2	+3.53271E-1	+1.94659E-1	+2.72633E-1
+7.46000E+2	+3.40607E-1	+1.88277E-1	+2.63793E-1
+7.48000E+2	+3.35968E-1	+1.80586E-1	+2.52456E-1
+7.50000E+2	+3.17490E-1	+1.69324E-1	+2.36700E-1
+7.52000E+2	+3.06366E-1	+1.61141E-1	+2.24957E-1
+7.54000E+2	+2.96539E-1	+1.55482E-1	+2.17005E-1
+7.56000E+2	+2.94556E-1	+1.48742E-1	+2.07125E-1
+7.58000E+2	+2.73666E-1	+1.37281E-1	+1.90582E-1
+7.60000E+2	+2.65823E-1	+1.26178E-1	+1.74756E-1
+7.62000E+2	+2.48795E-1	+1.15265E-1	+1.59172E-1
+7.64000E+2	+2.24792E-1	+1.00641E-1	+1.38009E-1
+7.66000E+2	+1.97556E-1	+8.54977E-2	+1.15845E-1
+7.68000E+2	+1.87225E-1	+7.17821E-2	+9.53080E-2
+7.70000E+2	+1.67923E-1	+6.06342E-2	+7.86320E-2
+7.72000E+2	+1.56281E-1	+4.81230E-2	+5.86944E-2
+7.74000E+2	+1.44455E-1	+4.13257E-2	+4.69747E-2
+7.76000E+2	+1.38031E-1	+3.93791E-2	+4.36160E-2
+7.78000E+2	+1.44287E-1	+4.02365E-2	+4.52731E-2
+7.80000E+2	+1.44135E-1	+4.20632E-2	+4.83185E-2
+7.82000E+2	+1.49429E-1	+4.66167E-2	+5.61463E-2
+7.84000E+2	+1.62521E-1	+5.15409E-2	+6.40398E-2
+7.86000E+2	+1.72180E-1	+5.67819E-2	+7.26811E-2
+7.88000E+2	+1.70517E-1	+5.91243E-2	+7.60045E-2
+7.90000E+2	+1.74286E-1	+6.03484E-2	+7.80279E-2
+7.92000E+2	+1.68579E-1	+6.22772E-2	+8.09585E-2
+7.94000E+2	+1.74805E-1	+6.57401E-2	+8.63241E-2
+7.96000E+2	+1.82892E-1	+6.94751E-2	+9.19656E-2
+7.98000E+2	+1.97678E-1	+7.48283E-2	+1.00060E-1
+8.00000E+2	+2.00027E-1	+7.76142E-2	+1.04160E-1
+8.02000E+2	+2.00531E-1	+7.88820E-2	+1.06130E-1
+8.04000E+2	+2.03125E-1	+7.98556E-2	+1.07578E-1
+8.06000E+2	+1.95892E-1	+8.00383E-2	+1.07779E-1
+8.08000E+2	+1.98944E-1	+8.01969E-2	+1.07982E-1
+8.10000E+2	+1.98303E-1	+7.82021E-2	+1.04656E-1
+8.12000E+2	+2.01645E-1	+7.74179E-2	+1.03723E-1
+8.14000E+2	+2.17728E-1	+7.86745E-2	+1.04870E-1
+8.16000E+2	+2.11075E-1	+7.94425E-2	+1.06951E-1
+8.18000E+2	+1.95267E-1	+8.12018E-2	+1.09320E-1
+8.20000E+2	+1.95282E-1	+8.43004E-2	+1.14068E-1
+8.22000E+2	+2.11288E-1	+8.59748E-2	+1.16293E-1
+8.24000E+2	+2.02866E-1	+8.67332E-2	+1.17499E-1
+8.26000E+2	+2.07230E-1	+8.90261E-2	+1.20853E-1
+8.28000E+2	+1.97464E-1	+8.88592E-2	+1.20286E-1
+8.30000E+2	+2.06787E-1	+8.64608E-2	+1.17278E-1
+8.32000E+2	+1.97357E-1	+8.41761E-2	+1.13640E-1
+8.34000E+2	+1.97586E-1	+8.42521E-2	+1.14000E-1
+8.36000E+2	+1.88782E-1	+8.11769E-2	+1.09101E-1
+8.38000E+2	+1.91696E-1	+7.91443E-2	+1.06299E-1
+8.40000E+2	+1.82755E-1	+7.93890E-2	+1.06560E-1
+8.42000E+2	+1.91071E-1	+8.16628E-2	+1.09856E-1
+8.44000E+2	+2.03354E-1	+8.57819E-2	+1.16105E-1
+8.46000E+2	+2.09961E-1	+8.94317E-2	+1.21289E-1
+8.48000E+2	+2.05246E-1	+9.22369E-2	+1.25624E-1
+8.50000E+2	+2.27692E-1	+9.79100E-2	+1.33822E-1
+8.52000E+2	+2.23160E-1	+1.02771E-1	+1.41106E-1
+8.54000E+2	+2.21436E-1	+1.02071E-1	+1.39984E-1
+8.56000E+2	+2.19772E-1	+1.01480E-1	+1.39203E-1
+8.58000E+2	+2.28958E-1	+1.00980E-1	+1.37922E-1
+8.60000E+2	+2.24762E-1	+1.05174E-1	+1.44447E-1
+8.62000E+2	+2.38358E-1	+1.12189E-1	+1.54782E-1
+8.64000E+2	+2.42264E-1	+1.14670E-1	+1.58337E-1
+8.66000E+2	+2.40097E-1	+1.17179E-1	+1.62028E-1
+8.68000E+2	+2.60117E-1	+1.27946E-1	+1.77388E-1
+8.70000E+2	+2.75116E-1	+1.42206E-1	+1.98085E-1
+8.72000E+2	+2.87979E-1	+1.45482E-1	+2.02798E-1
+8.74000E+2	+2.96326E-1	+1.54339E-1	+2.15411E-1
+8.76000E+2	+2.99301E-1	+1.58888E-1	+2.21963E-1
+8.78000E+2	+3.16879E-1	+1.63519E-1	+2.28051E-1
+8.80000E+2	+3.23151E-1	+1.67326E-1	+2.34043E-1
+8.82000E+2	+3.13446E-1	+1.64531E-1	+2.29969E-1
+8.84000E+2	+3.23410E-1	+1.68545E-1	+2.35741E-1
+8.86000E+2	+3.31924E-1	+1.73837E-1	+2.43305E-1
+8.88000E+2	+3.31268E-1	+1.83160E-1	+2.55537E-1
+8.90000E+2	+3.46176E-1	+1.85105E-1	+2.59294E-1
+8.92000E+2	+3.48648E-1	+1.89581E-1	+2.65796E-1
+8.94000E+2	+3.49472E-1	+1.92265E-1	+2.69046E-1
+8.96000E+2	+3.64487E-1	+1.86379E-1	+2.60296E-1
+8.98000E+2	+3.49655E-1	+1.87440E-1	+2.62593E-1
+9.00000E+2	+3.37982E-1	+1.85654E-1	+2.59486E-1
+9.02000E+2	+3.33847E-1	+1.75491E-1	+2.45428E-1
+9.04000E+2	+3.26355E-1	+1.70737E-1	+2.38067E-1
+9.06000E+2	+3.27957E-1	+1.66193E-1	+2.31428E-1
+9.08000E+2	+3.04138E-1	+1.58071E-1	+2.20589E-1
+9.10000E+2	+3.02338E-1	+1.54270E-1	+2.14874E-1
+9.12000E+2	+2.94968E-1	+1.51823E-1	+2.11583E-1
+9.14000E+2	+2.99591E-1	+1.48369E-1	+2.05658E-1
+9.16000E+2	+2.93915E-1	+1.42960E-1	+1.98736E-1
+9.18000E+2	+2.76596E-1	+1.40067E-1	+1.94642E-1
+9.20000E+2	+3.01300E-1	+1.39225E-1	+1.93284E-1
+9.22000E+2	+2.78595E-1	+1.38615E-1	+1.92160E-1
+9.24000E+2	+2.73712E-1	+1.36999E-1	+1.90283E-1
+9.26000E+2	+2.84393E-1	+1.36291E-1	+1.88833E-1
+9.28000E+2	+2.74399E-1	+1.36648E-1	+1.90001E-1
+9.30000E+2	+2.85995E-1	+1.38568E-1	+1.92771E-1
+9.32000E+2	+2.83768E-1	+1.42428E-1	+1.98315E-1
+9.34000E+2	+2.77527E-1	+1.43388E-1	+1.99690E-1
+9.36000E+2	+2.95700E-1	+1.46287E-1	+2.03907E-1
+9.38000E+2	+2.95731E-1	+1.49699E-1	+2.08706E-1
+9.40000E+2	+3.06305E-1	+1.51038E-1	+2.10654E-1
+9.42000E+2	+3.04367E-1	+1.53766E-1	+2.14532E-1
+9.44000E+2	+3.03757E-1	+1.57925E-1	+2.20526E-1
+9.46000E+2	+3.15308E-1	+1.59685E-1	+2.21074E-1
+9.48000E+2	+3.20984E-1	+1.61681E-1	+2.25882E-1
+9.50000E+2	+3.17627E-1	+1.61595E-1	+2.25644E-1
+9.52000E+2	+3.02994E-1	+1.61565E-1	+2.24700E-1
+9.54000E+2	+3.14011E-1	+1.61130E-1	+2.24913E-1
+9.56000E+2	+3.16940E-1	+1.59291E-1	+2.21882E-1
+9.58000E+2	+3.13232E-1	+1.58216E-1	+2.20310E-1
+9.60000E+2	+3.19916E-1	+1.59454E-1	+2.22298E-1
+9.62000E+2	+3.12149E-1	+1.58587E-1	+2.20429E-1
+9.64000E+2	+3.19351E-1	+1.58606E-1	+2.21116E-1
+9.66000E+2	+3.18207E-1	+1.58420E-1	+2.20844E-1
+9.68000E+2	+3.12134E-1	+1.58563E-1	+2.20652E-1
+9.70000E+2	+3.65707E-1	+1.59849E-1	+2.22405E-1
+9.72000E+2	+3.09311E-1	+1.55028E-1	+2.15387E-1
+9.74000E+2	+3.12622E-1	+1.55884E-1	+2.17422E-1
+9.76000E+2	+3.18008E-1	+1.55248E-1	+2.15513E-1
+9.78000E+2	+3.08823E-1	+1.53668E-1	+2.14103E-1
+9.80000E+2	+2.94357E-1	+1.51163E-1	+2.10125E-1
+9.82000E+2	+2.92953E-1	+1.45536E-1	+2.01534E-1
+9.84000E+2	+2.91183E-1	+1.42692E-1	+1.95289E-1
+9.86000E+2	+2.90024E-1	+1.43428E-1	+1.99680E-1
+9.88000E+2	+2.87903E-1	+1.40535E-1	+1.95538E-1
+9.90000E+2	+2.90512E-1	+1.35658E-1	+1.88483E-1
+9.92000E+2	+2.75803E-1	+1.32465E-1	+1.83934E-1
+9.94000E+2	+2.70554E-1	+1.28627E-1	+1.78441E-1
+9.96000E+2	+2.61230E-1	+1.25549E-1	+1.73910E-1
+9.98000E+2	+2.66937E-1	+1.24087E-1	+1.71290E-1
+1.00000E+3	+2.64465E-1	+1.21828E-1	+1.68364E-1
